# type >!< metric >!< mean >!< standard deviation >!< variance >!< confidence interval

epidemic-loved >!< delivery ratio >!< 0.992554878049 >!< 0.00133419834826 >!< 1.78008523249e-06 >!< [0.992143210649,0.992966545448]

epidemic-loved >!< delivery delay >!< 7674.55397725 >!< 338.873594423 >!< 114835.312997 >!< [7569.99440293,7779.11355156]

epidemic-non-loved >!< delivery delay >!< 0.988857874016 >!< 0.00160087712477 >!< 2.56280756862e-06 >!< [0.98836392278,0.989351825251]

epidemic-non-loved >!< delivery delay >!< 7596.33806162 >!< 141.772280808 >!< 20099.3796056 >!< [7552.59417134,7640.08195189]

epidemic >!< databytessent >!< 72612299386.7 >!< 1986887663.82 >!< 3.94772258864e+18 >!< [71999244454.8,73225354318.6]

epidemic >!< totalbytessent >!< 74680474281.5 >!< 2024161829.04 >!< 4.09723111013e+18 >!< [74055918392.0,75305030171.0]


Loved_delratio
[0.993487804878, 0.990743902439, 0.993634146341, 0.992146341463, 0.992243902439, 0.992085365854, 0.99343902439, 0.991597560976, 0.988890243902, 0.992512195122, 0.992926829268, 0.992817073171, 0.990463414634, 0.990524390244, 0.993158536585, 0.993024390244, 0.991475609756, 0.990609756098, 0.99356097561, 0.995414634146, 0.994073170732, 0.993646341463, 0.993743902439, 0.992865853659, 0.992865853659, 0.992780487805, 0.992158536585, 0.993609756098, 0.993463414634, 0.992682926829]
NonLoved_delratio
[0.989153543307, 0.988106299213, 0.989366141732, 0.988901574803, 0.987842519685, 0.988106299213, 0.989858267717, 0.990755905512, 0.989161417323, 0.991141732283, 0.987027559055, 0.991078740157, 0.988976377953, 0.98924015748, 0.989417322835, 0.987271653543, 0.985102362205, 0.991118110236, 0.990188976378, 0.988602362205, 0.987354330709, 0.985082677165, 0.990350393701, 0.989086614173, 0.991287401575, 0.989090551181, 0.986842519685, 0.988161417323, 0.989366141732, 0.988696850394]
Loved_deldelay
[7943.27833625, 7375.02198212, 7479.34734689, 7854.83145378, 8262.04508292, 7922.93454139, 8246.01757523, 7632.99417955, 7977.17175669, 7454.85730667, 7817.39698976, 7560.36192087, 7175.92200605, 7820.63562113, 7586.31762017, 7217.38496404, 7832.5363359, 7596.50872796, 6811.99254081, 7745.54118758, 7153.8050115, 7575.98231461, 7802.62338778, 7650.626693, 7523.56534058, 7507.15858096, 8213.61567769, 7499.51437054, 8144.67070755, 7851.95975739]
NonLoved_deldelay
[7834.47370886, 7661.83003376, 7635.40323193, 7521.58105305, 7800.68366717, 7465.78990306, 7953.25591645, 7692.45054556, 7372.33545639, 7556.72472729, 7669.90127566, 7717.87205927, 7402.90992047, 7553.157968, 7423.90419639, 7522.74402895, 7610.08467539, 7523.12783144, 7551.61372397, 7650.47701518, 7612.35480364, 7423.5471469, 7629.84469196, 7597.63914944, 7872.86729677, 7389.84960601, 7627.90630401, 7559.53091229, 7512.20271143, 7544.07828783]
Data sent in bytes: 
[70449855425.0, 73174459950.0, 73820029850.0, 76903800050.0, 70381384675.0, 74709147100.0, 71774639125.0, 73262299000.0, 72202075050.0, 73541495250.0, 73680070825.0, 72649200075.0, 71692023100.0, 70949711950.0, 73943608025.0, 74563433725.0, 69672186100.0, 70940128050.0, 74602932225.0, 70916950250.0, 77687033250.0, 70234177575.0, 69893457900.0, 72873549550.0, 72968576525.0, 72030106200.0, 70243029650.0, 71191555050.0, 73938354925.0, 73479711175.0]
Total sent in bytes: 
[72504938233.0, 75191371210.0, 75929988558.0, 79062802538.0, 72409675651.0, 76770951868.0, 73731482161.0, 75304713928.0, 74184406270.0, 75586640690.0, 75722389989.0, 74789893227.0, 73763617764.0, 72897231034.0, 76011211085.0, 76601481713.0, 71733960336.0, 72954534066.0, 76736666349.0, 73012319878.0, 79910092458.0, 72271756675.0, 71884308224.0, 75031502642.0, 75085731181.0, 74134587808.0, 72295764198.0, 73258688894.0, 75995615841.0, 75645903975.0]
