# type >!< metric >!< mean >!< standard deviation >!< variance >!< confidence interval

epidemic-loved >!< delivery ratio >!< 0.987048373984 >!< 0.00266690199231 >!< 7.11236623657e-06 >!< [0.986225500376,0.987871247591]

epidemic-loved >!< delivery delay >!< 8044.36229195 >!< 309.174586587 >!< 95588.9249915 >!< [7948.96635761,8139.75822629]

epidemic-non-loved >!< delivery delay >!< 0.98050183727 >!< 0.00242877897435 >!< 5.89896730625e-06 >!< [0.979752436609,0.981251237931]

epidemic-non-loved >!< delivery delay >!< 8296.11433786 >!< 166.22127678 >!< 27629.5128543 >!< [8244.82670074,8347.40197499]

databytessent >!< delivery delay >!< 87129427367.5 >!< 2388055780.24 >!< 5.70281040953e+18 >!< [86392591863.2,87866262871.8]

toalbytessent >!< delivery delay >!< 90261744047.4 >!< 2466384652.73 >!< 6.0830532552e+18 >!< [89500740140.2,91022747954.5]


Loved_delratio
[0.981951219512, 0.986268292683, 0.98437804878, 0.980512195122, 0.988975609756, 0.989, 0.989804878049, 0.985219512195, 0.987353658537, 0.988268292683, 0.985085365854, 0.987219512195, 0.988353658537, 0.991926829268, 0.989048780488, 0.985, 0.989317073171, 0.987402439024, 0.985756097561, 0.987243902439, 0.988658536585, 0.986426829268, 0.987597560976, 0.981573170732, 0.987280487805, 0.987865853659, 0.991134146341, 0.986512195122, 0.990585365854, 0.985731707317]

NonLoved_delratio
[0.981881889764, 0.980696850394, 0.980586614173, 0.980543307087, 0.98094488189, 0.980385826772, 0.977547244094, 0.977893700787, 0.983602362205, 0.981401574803, 0.979244094488, 0.980661417323, 0.982614173228, 0.985374015748, 0.978417322835, 0.98331496063, 0.982984251969, 0.978952755906, 0.976582677165, 0.981118110236, 0.977106299213, 0.980633858268, 0.975551181102, 0.978362204724, 0.981519685039, 0.984874015748, 0.983346456693, 0.977984251969, 0.979637795276, 0.981291338583]

Loved_deldelay
[8519.5748523, 7853.33098552, 8219.30130499, 8021.89807447, 7999.13074064, 7769.32089095, 8006.14753346, 8321.83579442, 8185.16517954, 7732.27806166, 7402.75407904, 8919.87492271, 7784.09340612, 7828.33044273, 7629.1770116, 7973.63857732, 8073.52410677, 8189.52524285, 7879.13275219, 7998.60119817, 8404.73127165, 7787.35516877, 8341.92925176, 8150.74181116, 8243.62077419, 7955.11813688, 7837.9565913, 7819.33416958, 8532.75446617, 7950.69195954]

NonLoved_deldelay
[8119.93217649, 8152.65118944, 8257.00753997, 8329.18232214, 8140.30446229, 8444.35316588, 8184.30201463, 8381.73363941, 8285.00425474, 8678.14429036, 8211.1019563, 8663.62294232, 8219.73428825, 8178.23374095, 8345.2424133, 8275.87901657, 8273.96841328, 8460.93820953, 8315.56210016, 8094.69792569, 8340.60894216, 8165.35185573, 8419.92834013, 8340.70953404, 8328.87404321, 8155.94726556, 7985.51890499, 8584.01416087, 8096.4401258, 8454.44090173]

Data sent in bytes: 
[88922802625.0, 81592793300.0, 88037986100.0, 87660975925.0, 84715891575.0, 86560401350.0, 87857004775.0, 86625052575.0, 87685106100.0, 87946868875.0, 85851914550.0, 90494903075.0, 87835060050.0, 82922148400.0, 84369257150.0, 88591957575.0, 86409334625.0, 86151812425.0, 88472599925.0, 83783817200.0, 91036884650.0, 86379069150.0, 88113143525.0, 91086247750.0, 87313359050.0, 90591503975.0, 88747515500.0, 84173308500.0, 89346459125.0, 84607641625.0]

Total sent in bytes: 
[92057425069.0, 84639363724.0, 91144689356.0, 90785612673.0, 87775710687.0, 89688411422.0, 91086315695.0, 89713375259.0, 90780186148.0, 91013040203.0, 88956969430.0, 93707246279.0, 91002926182.0, 85875417760.0, 87342348270.0, 91851963447.0, 89537556249.0, 89255391757.0, 91589698241.0, 86793665100.0, 94301568198.0, 89562866582.0, 91245893029.0, 94426674714.0, 90394559278.0, 93885185327.0, 91977591872.0, 87176854892.0, 92559836065.0, 87723978513.0]
