# type >!< metric >!< mean >!< standard deviation >!< variance >!< confidence interval

epidemic-loved >!< delivery ratio >!< 0.58398699187 >!< 0.0163435391942 >!< 0.000267111273393 >!< [0.578944186738,0.589029797002]

epidemic-loved >!< delivery delay >!< 14302.4533916 >!< 503.917053617 >!< 253932.396926 >!< [14146.9695962,14457.937187]

epidemic-non-loved >!< delivery delay >!< 0.573503674541 >!< 0.00783887235671 >!< 6.14479198249e-05 >!< [0.571084987543,0.575922361539]

epidemic-non-loved >!< delivery delay >!< 14448.9361458 >!< 356.162147121 >!< 126851.475042 >!< [14339.0421821,14558.8301095]

epidemic >!< databytessent >!< 10349863800.8 >!< 195490271.25 >!< 3.82164461534e+16 >!< [10289545204.5,10410182397.2]

epidemic >!< totalbytessent >!< 10455260559.6 >!< 198122901.59 >!< 3.92526841345e+16 >!< [10394129664.2,10516391455.0]


Loved_delratio
[0.588243902439, 0.571280487805, 0.611963414634, 0.582951219512, 0.601256097561, 0.59087804878, 0.55762195122, 0.5995, 0.577487804878, 0.569536585366, 0.555414634146, 0.587548780488, 0.57537804878, 0.593341463415, 0.589182926829, 0.620292682927, 0.574414634146, 0.61037804878, 0.597170731707, 0.579536585366, 0.573829268293, 0.58087804878, 0.597926829268, 0.585256097561, 0.55243902439, 0.566207317073, 0.577585365854, 0.594, 0.586890243902, 0.571219512195]
NonLoved_delratio
[0.581653543307, 0.571141732283, 0.574570866142, 0.567220472441, 0.568169291339, 0.568744094488, 0.574133858268, 0.571606299213, 0.567433070866, 0.580543307087, 0.587980314961, 0.554570866142, 0.579003937008, 0.578271653543, 0.566437007874, 0.560031496063, 0.582854330709, 0.57037007874, 0.577039370079, 0.586468503937, 0.568106299213, 0.56418503937, 0.576736220472, 0.578464566929, 0.579641732283, 0.574791338583, 0.582452755906, 0.575114173228, 0.574937007874, 0.562437007874]
Loved_deldelay
[14090.5262213, 14246.8636264, 14252.1138112, 14953.5720755, 14158.0177821, 14683.6354599, 14341.8480588, 13338.0591836, 14343.179069, 13910.2790847, 14597.8505942, 14586.6767315, 14159.2017977, 14587.1455342, 14042.5667279, 13888.9676618, 15550.5467034, 14113.4492438, 13746.6907021, 14855.5719228, 14157.3428433, 15631.5303102, 13579.2005684, 13643.4775472, 14296.6836338, 14479.1265743, 14105.0359982, 14429.5716458, 14004.6435039, 14300.2271313]
NonLoved_deldelay
[14773.7808737, 14041.2048861, 14547.3615268, 14852.0652393, 14526.2055697, 14630.951425, 14562.2206868, 14498.9126107, 13609.0575977, 14518.0272406, 14561.7072676, 14764.9272353, 14547.8831222, 14500.3873966, 13818.1142334, 14367.8013645, 14263.2765857, 13973.7608084, 14720.0386795, 14197.4775433, 14150.6926019, 15295.5380293, 13776.9819079, 14423.0164891, 14686.9168878, 14861.9677208, 14365.3188616, 14617.9256712, 14597.1233549, 14417.4409567]
Data sent in bytes: 
[10359303675.0, 10426912275.0, 10570811125.0, 10538861450.0, 9966233450.0, 10292477025.0, 10472104975.0, 10265630075.0, 10218572725.0, 10186191975.0, 10170021650.0, 10481728975.0, 10085771550.0, 10350702225.0, 10070714000.0, 10506961900.0, 10330301350.0, 10421448650.0, 10759992900.0, 10453237925.0, 10200357300.0, 10132989300.0, 10587803500.0, 10136498050.0, 10423984975.0, 10340767450.0, 10160858800.0, 10288346725.0, 10656113850.0, 10640214200.0]
Total sent in bytes: 
[10463350255.0, 10532719359.0, 10676198305.0, 10648786166.0, 10066349742.0, 10397367625.0, 10579867071.0, 10368361523.0, 10320960473.0, 10287546071.0, 10274057766.0, 10591560863.0, 10186908406.0, 10459936353.0, 10170022512.0, 10614554756.0, 10437242962.0, 10528932662.0, 10870419972.0, 10558891177.0, 10304803580.0, 10237242896.0, 10692881164.0, 10240606950.0, 10528605723.0, 10445373618.0, 10264063136.0, 10392631957.0, 10768745230.0, 10748828516.0]
