# type >!< metric >!< mean >!< standard deviation >!< variance >!< confidence interval

epidemic-loved >!< delivery ratio >!< 0.353045121951 >!< 0.0179164225328 >!< 0.000320998196373 >!< [0.347517003077,0.358573240826]

epidemic-loved >!< delivery delay >!< 16397.9450778 >!< 634.540114635 >!< 402641.157081 >!< [16202.1574881,16593.7326676]

epidemic-non-loved >!< delivery delay >!< 0.345182283465 >!< 0.00770137581684 >!< 5.93111894723e-05 >!< [0.342806021076,0.347558545854]

epidemic-non-loved >!< delivery delay >!< 16469.2529113 >!< 355.178223965 >!< 126151.570779 >!< [16359.6625374,16578.8432852]

epidemic >!< databytessent >!< 5162162890.83 >!< 100660655.657 >!< 1.01325675973e+16 >!< [5131104007.88,5193221773.79]

epidemic >!< totalbytessent >!< 5249286788.57 >!< 102734380.904 >!< 1.05543530197e+16 >!< [5217588056.91,5280985520.22]


Loved_delratio
[0.352841463415, 0.350780487805, 0.326, 0.324329268293, 0.372682926829, 0.379073170732, 0.34006097561, 0.345280487805, 0.373719512195, 0.343012195122, 0.355658536585, 0.388548780488, 0.330573170732, 0.356073170732, 0.345304878049, 0.375036585366, 0.371231707317, 0.339719512195, 0.369487804878, 0.387365853659, 0.35687804878, 0.336512195122, 0.365756097561, 0.354158536585, 0.341304878049, 0.329902439024, 0.34643902439, 0.342, 0.334597560976, 0.357024390244]
NonLoved_delratio
[0.344326771654, 0.355070866142, 0.348968503937, 0.34725984252, 0.342374015748, 0.33331496063, 0.351980314961, 0.335377952756, 0.346255905512, 0.362232283465, 0.352866141732, 0.332854330709, 0.352429133858, 0.33975984252, 0.342547244094, 0.331708661417, 0.343681102362, 0.346137795276, 0.343086614173, 0.342263779528, 0.345354330709, 0.341059055118, 0.335, 0.347342519685, 0.344799212598, 0.35207480315, 0.336484251969, 0.352933070866, 0.359767716535, 0.346157480315]
Loved_deldelay
[15768.3855965, 15965.1751343, 17330.4611032, 15392.7102646, 16782.3269965, 16337.6530024, 16815.8976424, 15795.1328408, 15707.0629255, 16787.7112558, 16197.1219011, 16264.5281942, 17169.4803485, 16081.2019767, 16830.2314079, 16356.9295809, 16462.8388944, 16415.8251187, 15508.4229691, 15423.35985, 17641.8326219, 16230.8185588, 17639.0270212, 15619.7865685, 17117.1999396, 17035.3473479, 15994.4047653, 16218.3386075, 16115.5883804, 16933.5515206]
NonLoved_deldelay
[16486.4115476, 16591.6019042, 16985.2267659, 16704.3575793, 15794.9298603, 16449.6769788, 16694.2106065, 16686.9158097, 16311.7901025, 16732.012013, 16297.4405948, 16207.5531564, 16274.2897405, 16068.055626, 17539.2033745, 16799.5425729, 16252.856647, 16609.6097897, 16238.562074, 16862.2366988, 16879.9853958, 16367.7235202, 16070.7155485, 16013.8743361, 16493.7825981, 16431.8729154, 16629.7505033, 16091.34294, 16402.5808346, 16109.4753049]
Data sent in bytes: 
[5135767400.0, 5070645000.0, 5168839875.0, 5216288200.0, 5348999150.0, 5160078025.0, 5154313650.0, 5192418675.0, 5223536275.0, 5139777400.0, 5107075850.0, 5334994225.0, 5228097650.0, 5092820300.0, 4996951225.0, 5404778250.0, 5111516925.0, 5119807600.0, 5020269375.0, 5171727075.0, 5264147550.0, 5168709550.0, 4975978925.0, 5078785300.0, 5138875150.0, 5159536675.0, 5071878075.0, 5085361700.0, 5296538325.0, 5226373350.0]
Total sent in bytes: 
[5221723112.0, 5156774080.0, 5259645763.0, 5305341028.0, 5436007442.0, 5246842581.0, 5239158746.0, 5279730651.0, 5312502619.0, 5230209212.0, 5193339414.0, 5428418793.0, 5317158110.0, 5174847560.0, 5079391889.0, 5496370194.0, 5196144201.0, 5205922328.0, 5103702079.0, 5260246639.0, 5355174686.0, 5255699234.0, 5062233173.0, 5162505772.0, 5225139078.0, 5245936111.0, 5156998831.0, 5171220128.0, 5386429777.0, 5313790426.0]
