# type >!< metric >!< mean >!< standard deviation >!< variance >!< confidence interval

keetchi-loved >!< delivery ratio >!< 0.984439837398 >!< 0.00357188659492 >!< 1.2758373847e-05 >!< [0.983337730453,0.985541944343]

keetchi-loved >!< delivery delay >!< 12836.7408801 >!< 624.767619985 >!< 390334.578982 >!< [12643.9685972,13029.5131629]

keetchi-non-loved >!< delivery delay >!< 0.168343700787 >!< 0.00823914779849 >!< 6.78835564454e-05 >!< [0.165801508652,0.170885892923]

keetchi-non-loved >!< delivery delay >!< 146768.535069 >!< 7013.42223347 >!< 49188091.425 >!< [144604.541015,148932.529122]

databytessent >!< delivery delay >!< 25412187371.7 >!< 530913561.347 >!< 2.81869209623e+17 >!< [25248373793.7,25576000949.6]

totalbytessent >!< delivery delay >!< 25412187371.7 >!< 530913561.347 >!< 2.81869209623e+17 >!< [25248373793.7,25576000949.6]


Loved_delratio
[0.98937804878, 0.986524390244, 0.989914634146, 0.98237804878, 0.9825, 0.98206097561, 0.986695121951, 0.981402439024, 0.982682926829, 0.984548780488, 0.986585365854, 0.990353658537, 0.988280487805, 0.989597560976, 0.981914634146, 0.980987804878, 0.983890243902, 0.986963414634, 0.977804878049, 0.980975609756, 0.986756097561, 0.985914634146, 0.984682926829, 0.985926829268, 0.980170731707, 0.977097560976, 0.9795, 0.9865, 0.987182926829, 0.984024390244]

NonLoved_delratio
[0.163992125984, 0.15711023622, 0.175795275591, 0.156811023622, 0.173019685039, 0.168216535433, 0.174161417323, 0.166830708661, 0.173811023622, 0.172531496063, 0.169208661417, 0.165366141732, 0.172051181102, 0.160114173228, 0.169007874016, 0.161377952756, 0.163547244094, 0.163846456693, 0.18392519685, 0.170354330709, 0.167496062992, 0.159996062992, 0.185665354331, 0.168992125984, 0.172066929134, 0.156102362205, 0.151751968504, 0.169448818898, 0.17305511811, 0.184657480315]

Loved_deldelay
[12324.6857475, 12681.392943, 12756.1504375, 12426.7359131, 13338.7465776, 12956.9093342, 12466.5684155, 12104.4581053, 13378.1230697, 12355.6997696, 12845.756578, 12213.4768561, 11490.5435684, 12922.8580886, 14042.2648134, 12701.8424362, 12725.4396368, 13673.4248713, 13143.1823097, 12473.1241, 12054.4291328, 12028.4763665, 13246.8934343, 13445.3778563, 14172.3585531, 13090.1845355, 12288.2226984, 13687.0226379, 13140.2841618, 12927.5934535]

NonLoved_deldelay
[152506.583905, 137406.786045, 155796.252297, 135476.084464, 150824.838055, 141147.953248, 145830.580408, 153731.327158, 152156.658798, 157017.41579, 146306.885372, 143613.067206, 152397.142856, 133845.793694, 145859.527947, 139400.738694, 135605.310323, 135175.181958, 154906.010252, 151143.125713, 148772.173558, 144193.033316, 152468.602075, 147453.191855, 150608.401122, 151322.077416, 137951.559984, 143897.462992, 150746.952351, 155495.333214]

Data sent in bytes: 
[25723839225.0, 24877328225.0, 25778214825.0, 24325893075.0, 24762782575.0, 25191210975.0, 24846000100.0, 25770746200.0, 25656160450.0, 24886410875.0, 25281596375.0, 25798164575.0, 25505173925.0, 25470457350.0, 25252142925.0, 25211040425.0, 25931045950.0, 24729860475.0, 25843918675.0, 25813392550.0, 25241426200.0, 25693483525.0, 26083435975.0, 24736126100.0, 25175682250.0, 24928926900.0, 25162860275.0, 26147636075.0, 25763488100.0, 26777176000.0]

Total sent in bytes: 
[25723839225.0, 24877328225.0, 25778214825.0, 24325893075.0, 24762782575.0, 25191210975.0, 24846000100.0, 25770746200.0, 25656160450.0, 24886410875.0, 25281596375.0, 25798164575.0, 25505173925.0, 25470457350.0, 25252142925.0, 25211040425.0, 25931045950.0, 24729860475.0, 25843918675.0, 25813392550.0, 25241426200.0, 25693483525.0, 26083435975.0, 24736126100.0, 25175682250.0, 24928926900.0, 25162860275.0, 26147636075.0, 25763488100.0, 26777176000.0]
