# type >!< metric >!< mean >!< standard deviation >!< variance >!< confidence interval

epidemic-loved >!< delivery ratio >!< 0.954324390244 >!< 0.00479508571684 >!< 2.29928470318e-05 >!< [0.952844864752,0.955803915736]

epidemic-loved >!< delivery delay >!< 13772.5165465 >!< 413.676353758 >!< 171128.125658 >!< [13644.8765528,13900.1565402]

epidemic-non-loved >!< delivery delay >!< 0.947041732284 >!< 0.00322988986503 >!< 1.04321885402e-05 >!< [0.946045148558,0.94803831601]

epidemic-non-loved >!< delivery delay >!< 14360.5336939 >!< 300.61965283 >!< 90372.1756675 >!< [14267.7773876,14453.2900003]

databytessent >!< delivery delay >!< 29912833929.2 >!< 750310067.568 >!< 5.62965197494e+17 >!< [29681325477.2,30144342381.2]

toalbytessent >!< delivery delay >!< 30741664830.2 >!< 762445570.815 >!< 5.81323248455e+17 >!< [30506411964.2,30976917696.3]


Loved_delratio
[0.950365853659, 0.962146341463, 0.943829268293, 0.95487804878, 0.951951219512, 0.955243902439, 0.953536585366, 0.959170731707, 0.954731707317, 0.952195121951, 0.95412195122, 0.954170731707, 0.950243902439, 0.951414634146, 0.953341463415, 0.96056097561, 0.951585365854, 0.954609756098, 0.956097560976, 0.959634146341, 0.94412195122, 0.948756097561, 0.95487804878, 0.962, 0.955487804878, 0.956902439024, 0.953512195122, 0.961609756098, 0.960804878049, 0.947829268293]

NonLoved_delratio
[0.950173228346, 0.948913385827, 0.947566929134, 0.949007874016, 0.94425984252, 0.942952755906, 0.947173228346, 0.946173228346, 0.947795275591, 0.946724409449, 0.948157480315, 0.946511811024, 0.949661417323, 0.943047244094, 0.948905511811, 0.94494488189, 0.941181102362, 0.944291338583, 0.949937007874, 0.945984251969, 0.945606299213, 0.940322834646, 0.951748031496, 0.953, 0.950007874016, 0.943267716535, 0.943464566929, 0.95188976378, 0.950078740157, 0.948503937008]

Loved_deldelay
[13568.9754767, 13643.4163523, 13235.827099, 13783.2091153, 14225.2218399, 14184.7273478, 13707.7914596, 13011.2447757, 13735.7985968, 13671.9051478, 13502.1245169, 13919.3257046, 14515.6336129, 14136.701867, 14196.0899189, 13355.28627, 13536.4197577, 13936.8471373, 14084.2064175, 13934.7697825, 14044.4032725, 13037.0251927, 13656.0088692, 13678.0534557, 13380.9706833, 14028.9836163, 14078.1336861, 12987.5257677, 14633.3682915, 13765.5013642]

NonLoved_deldelay
[14155.5942441, 14267.3559091, 14186.9696086, 14538.6913323, 14024.1034042, 14838.2563787, 14583.5707133, 14363.541847, 14528.8024808, 14827.5917824, 14249.4936266, 14076.7323378, 14526.9784416, 14122.5545401, 14909.4115815, 14316.3180512, 14059.1876856, 14903.1706741, 14541.2656186, 13826.8607465, 14589.2221384, 14605.4730058, 14140.7291053, 13822.6873066, 13988.854912, 14312.0160311, 14401.703481, 14410.7094504, 14564.2578735, 14133.9065101]

Data sent in bytes: 
[29136619900.0, 31121760375.0, 30522566125.0, 29062063975.0, 29260077775.0, 30343880525.0, 29464718100.0, 29556517025.0, 31052948775.0, 29433239600.0, 29724175125.0, 31000096975.0, 30689191650.0, 29838750850.0, 29781939175.0, 29146093525.0, 29051257025.0, 29446683125.0, 30239229550.0, 28887278100.0, 28486167825.0, 30829391275.0, 30019541700.0, 30892318200.0, 30825772250.0, 29533329200.0, 29031808525.0, 30254587850.0, 30351218825.0, 30401794950.0]

Total sent in bytes: 
[29943423008.0, 32008223603.0, 31402150441.0, 29851873079.0, 30098923235.0, 31203401509.0, 30317933516.0, 30378339797.0, 31927439931.0, 30232829136.0, 30552091553.0, 31801990411.0, 31527726586.0, 30655273738.0, 30608100587.0, 29959329073.0, 29880794137.0, 30251217073.0, 31075131518.0, 29688022844.0, 29312003565.0, 31666800775.0, 30800868152.0, 31726506064.0, 31666376794.0, 30354587876.0, 29873215825.0, 31105439390.0, 31166579629.0, 31213352062.0]
