# type >!< metric >!< mean >!< standard deviation >!< variance >!< confidence interval

keetchi-loved >!< delivery ratio >!< 0.980092276423 >!< 0.0063590997264 >!< 4.04381493303e-05 >!< [0.978130173823,0.982054379022]

keetchi-loved >!< delivery delay >!< 11896.6259401 >!< 487.084757026 >!< 237251.560527 >!< [11746.3357561,12046.9161241]

keetchi-non-loved >!< delivery delay >!< 0.0273652230971 >!< 0.00203021244213 >!< 4.12176256017e-06 >!< [0.0267388002887,0.0279916459056]

keetchi-non-loved >!< delivery delay >!< 10821.0545252 >!< 735.924617062 >!< 541585.041998 >!< [10593.9847094,11048.1243411]

databytessent >!< delivery delay >!< 18675011100.0 >!< 414019946.429 >!< 1.71412516041e+17 >!< [18547265090.7,18802757109.3]

totalbytessent >!< delivery delay >!< 18675011100.0 >!< 414019946.429 >!< 1.71412516041e+17 >!< [18547265090.7,18802757109.3]


Loved_delratio
[0.97793902439, 0.973524390244, 0.988731707317, 0.982987804878, 0.980853658537, 0.986012195122, 0.982817073171, 0.976548780488, 0.980243902439, 0.983170731707, 0.979329268293, 0.973451219512, 0.973158536585, 0.988926829268, 0.986597560976, 0.977109756098, 0.975463414634, 0.971926829268, 0.987841463415, 0.985280487805, 0.98593902439, 0.986804878049, 0.984695121951, 0.971670731707, 0.979341463415, 0.981975609756, 0.97943902439, 0.960231707317, 0.982524390244, 0.978231707317]

NonLoved_delratio
[0.0316614173228, 0.027657480315, 0.0244566929134, 0.0281811023622, 0.0238307086614, 0.0262165354331, 0.0254566929134, 0.0268188976378, 0.0269881889764, 0.028531496063, 0.0265984251969, 0.0275354330709, 0.0233976377953, 0.023594488189, 0.0287716535433, 0.0254842519685, 0.0262480314961, 0.0282952755906, 0.0284606299213, 0.0302086614173, 0.028657480315, 0.0286535433071, 0.0280275590551, 0.0277007874016, 0.0263307086614, 0.027094488189, 0.0299645669291, 0.0298031496063, 0.0264173228346, 0.0299133858268]

Loved_deldelay
[12637.3039428, 11529.03814, 11371.8296756, 11624.0911711, 12335.107, 11715.3168346, 11677.3471334, 11417.4914226, 12892.8058236, 12014.8287407, 11428.5047821, 12013.0844748, 11704.7065578, 11025.1872988, 12834.5854642, 11761.3095556, 12520.7897783, 11947.6635346, 10755.4595041, 11825.2998498, 11706.7793816, 11749.3723301, 12213.9189537, 12284.1819713, 11882.2039236, 11581.5645982, 12186.2273116, 12141.4285786, 12290.3517288, 11830.9987411]

NonLoved_deldelay
[10877.9317975, 10187.7693907, 11185.2416705, 10854.7494366, 11885.8771947, 11626.9589264, 10598.5267918, 9633.12826235, 11688.0064685, 9903.59467936, 11070.763026, 10371.8837925, 10551.5166786, 10335.9220551, 11259.8045832, 9846.75436945, 10515.0254724, 10923.1909769, 10716.0071597, 11144.6112859, 10506.8807904, 10191.6368203, 12676.624356, 10088.3464312, 9586.37192873, 11237.9883043, 10761.1548509, 10667.4113109, 11880.0057516, 11857.9511946]

Data sent in bytes: 
[18460476100.0, 18195344925.0, 18909726425.0, 18334501950.0, 18499302925.0, 18590680800.0, 19737250075.0, 18766639600.0, 18669096350.0, 19031810875.0, 18165550625.0, 18452566375.0, 18892994700.0, 18980302425.0, 19062337000.0, 18245941100.0, 17832650450.0, 18792443950.0, 18143746250.0, 19067449750.0, 18301048525.0, 18514410600.0, 18907540975.0, 18935651075.0, 19215348575.0, 18177771100.0, 18576405200.0, 19211428800.0, 18537458075.0, 19042457425.0]

Total sent in bytes: 
[18460476100.0, 18195344925.0, 18909726425.0, 18334501950.0, 18499302925.0, 18590680800.0, 19737250075.0, 18766639600.0, 18669096350.0, 19031810875.0, 18165550625.0, 18452566375.0, 18892994700.0, 18980302425.0, 19062337000.0, 18245941100.0, 17832650450.0, 18792443950.0, 18143746250.0, 19067449750.0, 18301048525.0, 18514410600.0, 18907540975.0, 18935651075.0, 19215348575.0, 18177771100.0, 18576405200.0, 19211428800.0, 18537458075.0, 19042457425.0]
