# type >!< metric >!< mean >!< standard deviation >!< variance >!< confidence interval

keetchi-loved >!< delivery ratio >!< 0.984440243902 >!< 0.00356990819171 >!< 1.27442444972e-05 >!< [0.983338747394,0.98554174041]

keetchi-loved >!< delivery delay >!< 12837.0784827 >!< 625.097034406 >!< 390746.302424 >!< [12644.2045589,13029.9524065]

keetchi-non-loved >!< delivery delay >!< 0.242980577428 >!< 0.00632920449144 >!< 4.00588294945e-05 >!< [0.241027699015,0.244933455841]

keetchi-non-loved >!< delivery delay >!< 192570.616783 >!< 3693.31239136 >!< 13640556.4202 >!< [191431.043864,193710.189703]

databytessent >!< delivery delay >!< 25412187371.7 >!< 530913561.347 >!< 2.81869209623e+17 >!< [25248373793.7,25576000949.6]

totalbytessent >!< delivery delay >!< 25412187371.7 >!< 530913561.347 >!< 2.81869209623e+17 >!< [25248373793.7,25576000949.6]


Loved_delratio
[0.986585365854, 0.985926829268, 0.98937804878, 0.9825, 0.981926829268, 0.990341463415, 0.980975609756, 0.9865, 0.984024390244, 0.980987804878, 0.987182926829, 0.98206097561, 0.980170731707, 0.977804878049, 0.9795, 0.984682926829, 0.986524390244, 0.982682926829, 0.984548780488, 0.977109756098, 0.986951219512, 0.989914634146, 0.98237804878, 0.986756097561, 0.983890243902, 0.986695121951, 0.981402439024, 0.989597560976, 0.985926829268, 0.988280487805]

NonLoved_delratio
[0.246976377953, 0.234712598425, 0.244440944882, 0.24788976378, 0.243732283465, 0.236177165354, 0.243244094488, 0.250023622047, 0.25425984252, 0.249566929134, 0.250338582677, 0.245818897638, 0.253748031496, 0.243106299213, 0.228311023622, 0.24811023622, 0.24788976378, 0.242295275591, 0.239570866142, 0.245755905512, 0.247059055118, 0.239720472441, 0.241200787402, 0.232480314961, 0.242968503937, 0.237043307087, 0.233169291339, 0.240263779528, 0.242956692913, 0.236586614173]

Loved_deldelay
[12845.8021582, 12030.2689859, 12325.035873, 13338.7467651, 14044.5851304, 12210.4164391, 12473.6344067, 13687.3917815, 12927.7600747, 12701.4040606, 13140.1892318, 12954.2798882, 14171.57444, 13142.9209388, 12288.3271876, 13246.7801311, 12681.7590055, 13378.1230697, 12355.7029301, 13090.0387061, 13671.7656516, 12758.487177, 12426.7662997, 12054.4328981, 12725.2993948, 12466.5500406, 12105.0865988, 12922.7450259, 13455.887371, 11490.5928192]

NonLoved_deldelay
[189382.824603, 190592.049261, 197891.021375, 191970.064086, 191251.461822, 192463.15103, 193165.202404, 195191.389437, 194670.857503, 191456.275421, 193478.705256, 189298.942969, 198526.820437, 190540.172708, 192797.335125, 185973.711226, 197767.219574, 190333.279663, 195713.486502, 201409.870776, 191409.985402, 192609.595723, 191999.879527, 192683.240622, 187386.224749, 187462.426627, 198296.680973, 187166.698709, 190322.880618, 193907.049376]

Data sent in bytes: 
[25162860275.0, 25241426200.0, 26147636075.0, 26083435975.0, 24877328225.0, 25211040425.0, 24325893075.0, 25656160450.0, 25191210975.0, 25175682250.0, 25252142925.0, 25778214825.0, 26777176000.0, 25470457350.0, 25763488100.0, 25693483525.0, 25723839225.0, 24886410875.0, 24762782575.0, 25813392550.0, 25798164575.0, 25505173925.0, 25770746200.0, 25281596375.0, 24736126100.0, 25931045950.0, 24928926900.0, 25843918675.0, 24846000100.0, 24729860475.0]

Total sent in bytes: 
[25162860275.0, 25241426200.0, 26147636075.0, 26083435975.0, 24877328225.0, 25211040425.0, 24325893075.0, 25656160450.0, 25191210975.0, 25175682250.0, 25252142925.0, 25778214825.0, 26777176000.0, 25470457350.0, 25763488100.0, 25693483525.0, 25723839225.0, 24886410875.0, 24762782575.0, 25813392550.0, 25798164575.0, 25505173925.0, 25770746200.0, 25281596375.0, 24736126100.0, 25931045950.0, 24928926900.0, 25843918675.0, 24846000100.0, 24729860475.0]
