# type >!< metric >!< mean >!< standard deviation >!< variance >!< confidence interval

keetchi-loved >!< delivery ratio >!< 0.983926558266 >!< 0.00486868809517 >!< 2.3704123768e-05 >!< [0.982424322733,0.985428793798]

keetchi-loved >!< delivery delay >!< 11767.4558081 >!< 619.204555028 >!< 383414.280967 >!< [11576.400011,11958.5116052]

keetchi-non-loved >!< delivery delay >!< 0.289642782152 >!< 0.00581082357147 >!< 3.37656705788e-05 >!< [0.287849850366,0.291435713939]

keetchi-non-loved >!< delivery delay >!< 187320.401787 >!< 4281.09351761 >!< 18327761.7065 >!< [185999.468781,188641.334794]

databytessent >!< delivery delay >!< 39701686700.0 >!< 1044531066.34 >!< 1.09104514854e+18 >!< [39379396248.8,40023977151.2]

totalbytessent >!< delivery delay >!< 39701686700.0 >!< 1044531066.34 >!< 1.09104514854e+18 >!< [39379396248.8,40023977151.2]


Loved_delratio
[0.990869918699, 0.985943089431, 0.982211382114, 0.987861788618, 0.976691056911, 0.983422764228, 0.981390243902, 0.973959349594, 0.985105691057, 0.987658536585, 0.983113821138, 0.979837398374, 0.986821138211, 0.979341463415, 0.98706504065, 0.983089430894, 0.987390243902, 0.97737398374, 0.98125203252, 0.991682926829, 0.99225203252, 0.975219512195, 0.979601626016, 0.981243902439, 0.985487804878, 0.985821138211, 0.987430894309, 0.991918699187, 0.98556097561, 0.981178861789]

NonLoved_delratio
[0.289900262467, 0.295220472441, 0.290580052493, 0.282601049869, 0.295719160105, 0.286587926509, 0.287976377953, 0.286692913386, 0.289790026247, 0.305779527559, 0.288984251969, 0.291897637795, 0.279312335958, 0.296118110236, 0.289049868766, 0.293475065617, 0.288157480315, 0.289070866142, 0.292522309711, 0.280057742782, 0.289755905512, 0.28311023622, 0.294036745407, 0.299288713911, 0.28431496063, 0.291971128609, 0.288603674541, 0.293643044619, 0.283023622047, 0.282041994751]

Loved_deldelay
[11339.9796366, 12759.5961392, 11467.9550794, 11164.9614041, 12262.7406514, 11766.7034062, 10908.3988389, 11371.1557401, 11605.1966804, 12975.6572939, 11955.2866193, 12724.0384189, 11049.077752, 12328.387454, 11401.2163499, 12377.0115358, 11922.2161499, 11259.2625922, 12422.5697405, 11227.1838371, 10870.0758524, 11936.9050094, 12428.3473568, 12321.5525054, 12066.3484493, 10906.5713891, 10998.2822393, 12207.0948265, 11148.87095, 11851.0303445]

NonLoved_deldelay
[190613.918372, 181397.119771, 189868.399351, 190800.013003, 192667.400769, 183667.967859, 186978.945095, 196616.598122, 188933.804042, 191947.631625, 186782.921658, 188205.81611, 183772.887962, 190713.337626, 184950.980289, 184456.365851, 183136.59543, 191100.481997, 183169.208316, 189495.143534, 187698.538713, 189193.556042, 176930.255135, 186247.61669, 179384.088909, 191444.53143, 191572.256591, 185895.447095, 187616.681775, 184353.544461]

Data sent in bytes: 
[39749455825.0, 37299676650.0, 38079651725.0, 39791240025.0, 39779911775.0, 41203000625.0, 38953541000.0, 38881481300.0, 40659465175.0, 39507211725.0, 39763390575.0, 40631164600.0, 38844398825.0, 40523305625.0, 38639277300.0, 39824553100.0, 39142281675.0, 38373805275.0, 40576488250.0, 38797161025.0, 42060669450.0, 39206572000.0, 40647886300.0, 38815737350.0, 40716306925.0, 39769746425.0, 40339978450.0, 41262559150.0, 40001544475.0, 39209138400.0]

Total sent in bytes: 
[39749455825.0, 37299676650.0, 38079651725.0, 39791240025.0, 39779911775.0, 41203000625.0, 38953541000.0, 38881481300.0, 40659465175.0, 39507211725.0, 39763390575.0, 40631164600.0, 38844398825.0, 40523305625.0, 38639277300.0, 39824553100.0, 39142281675.0, 38373805275.0, 40576488250.0, 38797161025.0, 42060669450.0, 39206572000.0, 40647886300.0, 38815737350.0, 40716306925.0, 39769746425.0, 40339978450.0, 41262559150.0, 40001544475.0, 39209138400.0]
