# type >!< metric >!< mean >!< standard deviation >!< variance >!< confidence interval

keetchi-loved >!< delivery ratio >!< 0.65373699187 >!< 0.0168393378912 >!< 0.000283563300616 >!< [0.648541207865,0.658932775875]

keetchi-loved >!< delivery delay >!< 8361.20106313 >!< 296.372240739 >!< 87836.5050805 >!< [8269.75529739,8452.64682887]

keetchi-non-loved >!< delivery delay >!< 0.0114266404199 >!< 0.00160118229683 >!< 2.56378474769e-06 >!< [0.0109325950233,0.0119206858166]

keetchi-non-loved >!< delivery delay >!< 6227.30037567 >!< 911.237118565 >!< 830353.086251 >!< [5946.13782187,6508.46292946]

databytessent >!< delivery delay >!< 4894486368.33 >!< 98662523.1766 >!< 9.73429347957e+15 >!< [4864044009.9,4924928726.77]

totalbytessent >!< delivery delay >!< 4894486368.33 >!< 98662523.1766 >!< 9.73429347957e+15 >!< [4864044009.9,4924928726.77]


Loved_delratio
[0.645, 0.647682926829, 0.676524390244, 0.654170731707, 0.656024390244, 0.639780487805, 0.636853658537, 0.67356097561, 0.623658536585, 0.679792682927, 0.651329268293, 0.67362195122, 0.68193902439, 0.634, 0.65012195122, 0.672585365854, 0.645829268293, 0.641317073171, 0.639304878049, 0.645365853659, 0.653926829268, 0.652, 0.644012195122, 0.663085365854, 0.654256097561, 0.662451219512, 0.612048780488, 0.675317073171, 0.667329268293, 0.659219512195]

NonLoved_delratio
[0.0129409448819, 0.0126535433071, 0.00820866141732, 0.00890157480315, 0.0116299212598, 0.0151732283465, 0.0130118110236, 0.0109212598425, 0.00987401574803, 0.0124803149606, 0.0111653543307, 0.00874803149606, 0.00959448818898, 0.0116299212598, 0.0116732283465, 0.00825196850394, 0.0113818897638, 0.0116496062992, 0.011, 0.0124291338583, 0.0135196850394, 0.0127677165354, 0.0112874015748, 0.0102598425197, 0.012188976378, 0.0127362204724, 0.0122007874016, 0.0116220472441, 0.0121338582677, 0.0107637795276]

Loved_deldelay
[8556.76314527, 8435.47669798, 8556.98134067, 8829.99886137, 8069.06429442, 8830.97510552, 8356.30712208, 9094.55353827, 8702.87070084, 8493.3908376, 8286.91113856, 7868.79104905, 8140.65429753, 8275.85298253, 8275.54608585, 7932.99905346, 8406.12526203, 8455.83920123, 8191.08898214, 8255.02495508, 8154.74539222, 8644.09870267, 8433.54841338, 7812.19496351, 8195.78174374, 8179.41756341, 8260.45960769, 8333.163987, 8733.30720847, 8074.09966044]

NonLoved_deldelay
[6600.28869973, 6025.89360651, 4325.02365619, 5671.74439926, 6589.40181228, 7704.2664066, 7556.82951986, 6254.04144938, 7073.40077903, 6790.34992084, 5587.30635208, 4852.18769313, 4633.99860525, 6309.00942538, 6508.26597437, 4952.3244919, 5933.22295569, 7118.38203322, 7729.10105071, 7048.15491927, 6618.20500536, 6600.2717545, 5516.13208613, 4677.0389046, 6031.65416535, 7231.46793372, 6605.89895116, 6150.19241831, 6217.67272949, 5907.2835707]

Data sent in bytes: 
[4945583125.0, 4832862025.0, 4777373650.0, 4824471100.0, 4954495350.0, 4884601050.0, 4912350250.0, 4879949450.0, 4985602925.0, 4894666150.0, 4913322675.0, 4991798375.0, 4944981625.0, 4787950025.0, 4861102450.0, 4827879600.0, 4764932625.0, 4983447550.0, 4909142250.0, 4790235725.0, 5150684600.0, 5007858425.0, 4844310575.0, 5013091475.0, 4995627925.0, 4799669250.0, 4791699375.0, 4701825250.0, 5018013750.0, 4845062450.0]

Total sent in bytes: 
[4945583125.0, 4832862025.0, 4777373650.0, 4824471100.0, 4954495350.0, 4884601050.0, 4912350250.0, 4879949450.0, 4985602925.0, 4894666150.0, 4913322675.0, 4991798375.0, 4944981625.0, 4787950025.0, 4861102450.0, 4827879600.0, 4764932625.0, 4983447550.0, 4909142250.0, 4790235725.0, 5150684600.0, 5007858425.0, 4844310575.0, 5013091475.0, 4995627925.0, 4799669250.0, 4791699375.0, 4701825250.0, 5018013750.0, 4845062450.0]
