# type >!< metric >!< mean >!< standard deviation >!< variance >!< confidence interval

epidemic-loved >!< delivery ratio >!< 0.995680284553 >!< 0.00163642912258 >!< 2.67790027324e-06 >!< [0.995175363735,0.996185205371]

epidemic-loved >!< delivery delay >!< 4373.25059312 >!< 186.871708089 >!< 34921.0352842 >!< [4315.59125769,4430.90992855]

epidemic-non-loved >!< delivery delay >!< 0.993885629921 >!< 0.00135316691972 >!< 1.83106071262e-06 >!< [0.993468109762,0.99430315008]

epidemic-non-loved >!< delivery delay >!< 4501.43144442 >!< 94.9386161863 >!< 9013.34084337 >!< [4472.13809888,4530.72478995]

epidemic >!< databytessent >!< 2.44942810618e+11 >!< 10769985829.2 >!< 1.1599259476e+20 >!< [2.41619727462e+11,2.48265893775e+11]

epidemic >!< totalbytessent >!< 2.56790684668e+11 >!< 11036938569.4 >!< 1.21814012985e+20 >!< [2.53385233144e+11,2.60196136192e+11]


Loved_delratio
[0.99675, 0.996487804878, 0.996530487805, 0.99756097561, 0.998097560976, 0.996835365854, 0.997707317073, 0.994695121951, 0.993512195122, 0.995146341463, 0.993695121951, 0.993597560976, 0.994207317073, 0.993902439024, 0.995926829268, 0.992981707317, 0.997487804878, 0.993591463415, 0.996006097561, 0.998432926829, 0.997542682927, 0.996274390244, 0.993713414634, 0.996756097561, 0.994091463415, 0.995091463415, 0.9965, 0.99712804878, 0.996280487805, 0.99387804878]
NonLoved_delratio
[0.992921259843, 0.994187007874, 0.992832677165, 0.989905511811, 0.99536023622, 0.995627952756, 0.995663385827, 0.995397637795, 0.99569488189, 0.994724409449, 0.99194488189, 0.994206692913, 0.992474409449, 0.994757874016, 0.994037401575, 0.994216535433, 0.992651574803, 0.99411023622, 0.995035433071, 0.993086614173, 0.994021653543, 0.993744094488, 0.992405511811, 0.994622047244, 0.994744094488, 0.992679133858, 0.99532480315, 0.992377952756, 0.993236220472, 0.994576771654]
Loved_deldelay
[4267.85397026, 4424.65603793, 4239.10879653, 4644.44312106, 4723.6861409, 4129.68481138, 4311.7672613, 4392.93157777, 4452.04127525, 4459.5148332, 4344.56257294, 4057.89160876, 4549.10203865, 4389.57443509, 4166.7656555, 4029.29156639, 4425.51137589, 4763.86302592, 4559.64503543, 4182.27074601, 4165.98647783, 4255.25574055, 4611.98079136, 4540.14731609, 4352.37275182, 4507.24792193, 4230.66703237, 4290.70845672, 4340.78828425, 4388.19713456]
NonLoved_deldelay
[4659.018162, 4525.30170919, 4467.6101649, 4562.75089655, 4457.84033325, 4526.9696524, 4649.54166812, 4526.58237954, 4377.66149522, 4418.09034555, 4454.39627553, 4294.97384822, 4463.14615359, 4511.4662703, 4653.52874195, 4395.43181698, 4633.86383526, 4481.10743474, 4490.23257292, 4527.51102063, 4341.80219471, 4586.57226145, 4578.89441099, 4407.84335359, 4591.53520042, 4522.72185765, 4585.9193376, 4539.34682106, 4429.8738273, 4381.40929091]
Data sent in bytes: 
[242284320300.0, 270920893200.0, 240508922875.0, 244356798575.0, 259571189700.0, 242337302425.0, 230824321750.0, 244471173800.0, 256719227575.0, 225138502650.0, 234717530500.0, 236580355950.0, 237642574875.0, 246194060275.0, 231552648025.0, 239577530200.0, 240661112400.0, 254217278300.0, 247975833600.0, 254156596975.0, 234922962800.0, 244375254600.0, 247025844550.0, 252265029850.0, 267448032700.0, 247261722775.0, 243692060875.0, 245504681125.0, 228686831350.0, 256693723975.0]
Total sent in bytes: 
[254545994276.0, 283317397064.0, 252302240939.0, 256078738431.0, 271395002664.0, 253656664361.0, 242043843646.0, 256473049904.0, 268890499595.0, 236548519838.0, 246181833684.0, 248395071938.0, 248979380515.0, 258038741251.0, 242843517513.0, 251360460092.0, 252963290244.0, 266437816300.0, 259611888768.0, 266049313915.0, 246379665924.0, 256092544156.0, 259002803190.0, 264057827062.0, 279983644136.0, 259625755239.0, 255678602811.0, 257446006937.0, 240313835398.0, 269026590259.0]
