# type >!< metric >!< mean >!< standard deviation >!< variance >!< confidence interval

keetchi-loved >!< delivery ratio >!< 0.981865650406 >!< 0.00592832458791 >!< 3.51450324196e-05 >!< [0.980036463637,0.983694837176]

keetchi-loved >!< delivery delay >!< 12255.0748309 >!< 714.342092003 >!< 510284.624407 >!< [12034.6643112,12475.4853506]

keetchi-non-loved >!< delivery delay >!< 0.320416666667 >!< 0.00832806701253 >!< 6.93567001651e-05 >!< [0.317847038475,0.322986294859]

keetchi-non-loved >!< delivery delay >!< 179505.305621 >!< 4612.35893991 >!< 21273854.9905 >!< [178082.160545,180928.450698]

databytessent >!< delivery delay >!< 48725936396.7 >!< 1588332191.43 >!< 2.52279915034e+18 >!< [48235855904.9,49216016888.5]

totalbytessent >!< delivery delay >!< 48725936396.7 >!< 1588332191.43 >!< 2.52279915034e+18 >!< [48235855904.9,49216016888.5]


Loved_delratio
[0.987518292683, 0.981987804878, 0.97456097561, 0.966932926829, 0.981859756098, 0.970652439024, 0.972603658537, 0.990012195122, 0.987237804878, 0.98393902439, 0.990585365854, 0.984768292683, 0.97075, 0.979432926829, 0.987073170732, 0.980890243902, 0.984890243902, 0.985451219512, 0.990134146341, 0.981548780488, 0.981396341463, 0.985743902439, 0.987664634146, 0.981219512195, 0.98037195122, 0.980762195122, 0.982725609756, 0.978652439024, 0.98356097561, 0.981042682927]

NonLoved_delratio
[0.32517519685, 0.324633858268, 0.308858267717, 0.344468503937, 0.317269685039, 0.316338582677, 0.308033464567, 0.305673228346, 0.324964566929, 0.325135826772, 0.325681102362, 0.323289370079, 0.322356299213, 0.313456692913, 0.315021653543, 0.335830708661, 0.32755511811, 0.31869488189, 0.31255511811, 0.315173228346, 0.325342519685, 0.327793307087, 0.32480511811, 0.314547244094, 0.321417322835, 0.320409448819, 0.31088976378, 0.323137795276, 0.322722440945, 0.311269685039]

Loved_deldelay
[12003.1757984, 12921.0886886, 12298.9498084, 13702.3857393, 12132.7606443, 12285.3085212, 11260.5646513, 11974.6172738, 12297.1630702, 13674.8952983, 12668.3115078, 11897.9476708, 11762.8530562, 11742.1663506, 11672.1671819, 14052.6400839, 12433.5861221, 12038.0450176, 12045.6400064, 11670.6099437, 11787.5320817, 12228.8402254, 12132.6254399, 11731.632819, 13625.1369912, 12780.2759114, 11554.4308116, 11491.374048, 12250.7920359, 11534.7281272]

NonLoved_deldelay
[188226.791232, 182137.118706, 181597.660475, 177741.196764, 173664.058136, 175914.164041, 176740.872519, 171550.098303, 180506.17588, 182892.259471, 181912.305028, 178414.580093, 180242.868494, 176443.001051, 180682.965193, 169808.327198, 181027.761522, 180010.063434, 169358.211378, 179791.352527, 184310.481988, 176901.597865, 183777.656412, 178653.566481, 177622.995295, 187221.982321, 177453.815308, 185972.451701, 183809.255676, 180773.534148]

Data sent in bytes: 
[50064839975.0, 49855036775.0, 50725307025.0, 49676621850.0, 46151631350.0, 46761712750.0, 48310184275.0, 48999573450.0, 46268352425.0, 49800831600.0, 50633708600.0, 47917815800.0, 48033013075.0, 47336415925.0, 50468005375.0, 48917087750.0, 48953027375.0, 47142512375.0, 51227298875.0, 47478560400.0, 49515079000.0, 51302917450.0, 49778856800.0, 46139661500.0, 47941274300.0, 48647856350.0, 48035368950.0, 49800169950.0, 45874911275.0, 50020459300.0]

Total sent in bytes: 
[50064839975.0, 49855036775.0, 50725307025.0, 49676621850.0, 46151631350.0, 46761712750.0, 48310184275.0, 48999573450.0, 46268352425.0, 49800831600.0, 50633708600.0, 47917815800.0, 48033013075.0, 47336415925.0, 50468005375.0, 48917087750.0, 48953027375.0, 47142512375.0, 51227298875.0, 47478560400.0, 49515079000.0, 51302917450.0, 49778856800.0, 46139661500.0, 47941274300.0, 48647856350.0, 48035368950.0, 49800169950.0, 45874911275.0, 50020459300.0]
