# type >!< metric >!< mean >!< standard deviation >!< variance >!< confidence interval

epidemic-loved >!< delivery ratio >!< 0.0931865853659 >!< 0.0178838766566 >!< 0.000319833044268 >!< [0.0876685085338,0.0987046621979]

epidemic-loved >!< delivery delay >!< 21854.647693 >!< 2247.45977586 >!< 5051075.44411 >!< [21161.1931384,22548.1022475]

epidemic-non-loved >!< delivery delay >!< 0.0954236220472 >!< 0.0105870181656 >!< 0.000112084953638 >!< [0.092156993632,0.0986902504624]

epidemic-non-loved >!< delivery delay >!< 22212.8476566 >!< 1151.60321849 >!< 1326189.97284 >!< [21857.5200527,22568.1752604]

epidemic >!< databytessent >!< 1451827517.5 >!< 117917272.998 >!< 1.39044832712e+16 >!< [1415444098.81,1488210936.19]

epidemic >!< totalbytessent >!< 1528851835.23 >!< 117910944.368 >!< 1.39029908017e+16 >!< [1492470369.24,1565233301.22]


Loved_delratio
[0.091987804878, 0.107780487805, 0.105975609756, 0.146451219512, 0.103524390244, 0.087256097561, 0.10262195122, 0.0708902439024, 0.089512195122, 0.107414634146, 0.1125, 0.106682926829, 0.054987804878, 0.104329268293, 0.0947317073171, 0.0905243902439, 0.0861585365854, 0.0628414634146, 0.0825853658537, 0.111853658537, 0.0845365853659, 0.0819146341463, 0.0862804878049, 0.086987804878, 0.084743902439, 0.0927317073171, 0.116231707317, 0.0721341463415, 0.079256097561, 0.0901707317073]
NonLoved_delratio
[0.0745039370079, 0.110779527559, 0.0820393700787, 0.108086614173, 0.0838543307087, 0.107173228346, 0.0775196850394, 0.0969606299213, 0.105437007874, 0.100582677165, 0.0854803149606, 0.0899842519685, 0.0972716535433, 0.0928858267717, 0.079311023622, 0.0930354330709, 0.0970511811024, 0.0880787401575, 0.0825118110236, 0.0989803149606, 0.0916968503937, 0.105216535433, 0.105901574803, 0.108448818898, 0.113503937008, 0.0978228346457, 0.0924606299213, 0.103059055118, 0.103047244094, 0.0900236220472]
Loved_deldelay
[20628.1581661, 21795.4814606, 20874.5993877, 25016.8079096, 20669.5801914, 21470.9554161, 23186.6879905, 21169.8378018, 24919.4457517, 22848.5459135, 23808.7882512, 19789.5866466, 17278.3953107, 23750.1965074, 23149.8371, 20770.8799006, 20535.2887805, 16569.0404833, 22741.0702795, 21591.1054679, 23600.7578047, 23710.1822996, 27698.1654226, 22088.9157268, 22749.5976969, 19552.6889717, 22053.0838108, 21636.1974927, 19891.9842481, 20093.5685983]
NonLoved_deldelay
[20519.2204495, 22301.8789329, 20988.1573403, 23016.4259375, 20571.9246829, 24236.5133237, 19370.5993963, 22028.4358783, 22861.5582972, 23559.2281284, 22389.1469372, 21804.178056, 22248.0534762, 25016.9061385, 20979.0514155, 21765.8187446, 22072.133941, 21632.6531018, 21727.2992949, 21189.2631614, 23026.0468104, 21936.3209223, 22312.1468662, 22138.5169369, 23228.2088972, 22953.2341561, 21932.7236251, 23623.618011, 22889.1885243, 22066.9783139]
Data sent in bytes: 
[1768660625.0, 1578556550.0, 1428251725.0, 1237897025.0, 1232012350.0, 1290347825.0, 1468081050.0, 1371309725.0, 1455509700.0, 1390106600.0, 1443950875.0, 1424402125.0, 1337104425.0, 1447309250.0, 1567037825.0, 1499940500.0, 1313325125.0, 1408863375.0, 1568922525.0, 1556932625.0, 1620571325.0, 1475649925.0, 1466096100.0, 1549704600.0, 1387079050.0, 1436382000.0, 1387490075.0, 1569874900.0, 1340964050.0, 1532491675.0]
Total sent in bytes: 
[1844895553.0, 1659020870.0, 1511064349.0, 1311686977.0, 1310619098.0, 1371178333.0, 1540534322.0, 1447185105.0, 1531439040.0, 1466781400.0, 1522378467.0, 1501532181.0, 1414045221.0, 1527296214.0, 1640917829.0, 1576243972.0, 1388321097.0, 1484152947.0, 1645078329.0, 1636551141.0, 1701037309.0, 1551715337.0, 1540787964.0, 1626059424.0, 1465864466.0, 1512646352.0, 1466255363.0, 1647129204.0, 1417754966.0, 1605382227.0]
