# type >!< metric >!< mean >!< standard deviation >!< variance >!< confidence interval

keetchi-loved >!< delivery ratio >!< 0.983446341463 >!< 0.00574037735185 >!< 3.29519321416e-05 >!< [0.981675145884,0.985217537043]

keetchi-loved >!< delivery delay >!< 12740.7491379 >!< 658.702423893 >!< 433888.883242 >!< [12537.5062586,12943.9920172]

keetchi-non-loved >!< delivery delay >!< 0.340772545932 >!< 0.00603977466119 >!< 3.6478877958e-05 >!< [0.338908971201,0.342636120663]

keetchi-non-loved >!< delivery delay >!< 171245.911724 >!< 4339.29054079 >!< 18829442.3973 >!< [169907.022005,172584.801444]

databytessent >!< delivery delay >!< 54291217235.8 >!< 1606147179.98 >!< 2.57970876377e+18 >!< [53795639922.7,54786794549.0]

totalbytessent >!< delivery delay >!< 54291217235.8 >!< 1606147179.98 >!< 2.57970876377e+18 >!< [53795639922.7,54786794549.0]


Loved_delratio
[0.987302439024, 0.987, 0.986024390244, 0.977380487805, 0.975765853659, 0.975473170732, 0.986873170732, 0.984292682927, 0.9894, 0.987526829268, 0.987717073171, 0.983970731707, 0.979278048781, 0.987702439024, 0.980492682927, 0.986809756098, 0.980092682927, 0.982580487805, 0.981297560976, 0.975541463415, 0.987034146341, 0.97643902439, 0.992097560976, 0.969658536585, 0.99403902439, 0.990258536585, 0.987653658537, 0.984912195122, 0.981131707317, 0.977643902439]

NonLoved_delratio
[0.341418897638, 0.325108661417, 0.336620472441, 0.349563779528, 0.343499212598, 0.34588503937, 0.345012598425, 0.340099212598, 0.338226771654, 0.341831496063, 0.350902362205, 0.331995275591, 0.34242519685, 0.335588976378, 0.343318110236, 0.341058267717, 0.352196850394, 0.337746456693, 0.339237795276, 0.342993700787, 0.335162204724, 0.338637795276, 0.349302362205, 0.345088188976, 0.344184251968, 0.332664566929, 0.337442519685, 0.342214173228, 0.341716535433, 0.332034645669]

Loved_deldelay
[13338.7800163, 11952.5313206, 12732.2800922, 13775.9871274, 13877.2110757, 12974.0335988, 12767.1995451, 11977.4088487, 12715.4835226, 12050.1739299, 12903.6796732, 12823.9367276, 12301.5740476, 12737.6307154, 12851.1123046, 12143.1969589, 12969.2606069, 13042.0109502, 12571.5736698, 12183.6826582, 11716.075572, 12697.7271723, 13903.1741988, 12428.2601089, 13506.251115, 13430.9799877, 12908.0091681, 12978.7586006, 13042.7340942, 10921.7567295]

NonLoved_deldelay
[164222.516877, 170950.107291, 165965.188602, 173922.922637, 169672.054309, 168296.499574, 175495.403305, 176966.758875, 173573.115409, 176119.908041, 179022.414548, 172359.210745, 176421.280203, 165284.075081, 173027.4039, 174229.54502, 175053.213948, 166418.797806, 172238.84823, 171349.031028, 177010.770819, 171326.047122, 162207.206284, 171067.434919, 167466.559426, 165914.446475, 171761.240046, 165320.351363, 172442.105833, 172272.894017]

Data sent in bytes: 
[54160633925.0, 55638399125.0, 53339987425.0, 52247583225.0, 52393767775.0, 55257308775.0, 53492016550.0, 55014864175.0, 57293105575.0, 53530833350.0, 56053283750.0, 51965991000.0, 52553917150.0, 55647732400.0, 51144241750.0, 55576374450.0, 55711411200.0, 52562528625.0, 55336406025.0, 53182845550.0, 52252655875.0, 56368519875.0, 54237395350.0, 53519936175.0, 54044253700.0, 56534503800.0, 54887025375.0, 54074789850.0, 54029416700.0, 56684788575.0]

Total sent in bytes: 
[54160633925.0, 55638399125.0, 53339987425.0, 52247583225.0, 52393767775.0, 55257308775.0, 53492016550.0, 55014864175.0, 57293105575.0, 53530833350.0, 56053283750.0, 51965991000.0, 52553917150.0, 55647732400.0, 51144241750.0, 55576374450.0, 55711411200.0, 52562528625.0, 55336406025.0, 53182845550.0, 52252655875.0, 56368519875.0, 54237395350.0, 53519936175.0, 54044253700.0, 56534503800.0, 54887025375.0, 54074789850.0, 54029416700.0, 56684788575.0]
