# type >!< metric >!< mean >!< standard deviation >!< variance >!< confidence interval

epidemic-loved >!< delivery ratio >!< 0.996794471545 >!< 0.0017238539431 >!< 2.97167241715e-06 >!< [0.996262575766,0.997326367324]

epidemic-loved >!< delivery delay >!< 3700.61315953 >!< 127.886630526 >!< 16354.9902672 >!< [3661.15369184,3740.07262722]

epidemic-non-loved >!< delivery delay >!< 0.99502656168 >!< 0.00110836006351 >!< 1.22846203038e-06 >!< [0.994684576768,0.995368546592]

epidemic-non-loved >!< delivery delay >!< 3826.07383169 >!< 136.914625758 >!< 18745.6147464 >!< [3783.8287727,3868.31889068]

epidemic >!< databytessent >!< 3.60576147722e+11 >!< 26343886387.9 >!< 6.94000350016e+20 >!< [3.52447731722e+11,3.68704563721e+11]

epidemic >!< totalbytessent >!< 3.78951012895e+11 >!< 26790544839.9 >!< 7.17733292821e+20 >!< [3.70684780263e+11,3.87217245526e+11]


Loved_delratio
[0.997946341463, 0.994775609756, 0.996512195122, 0.996936585366, 0.997614634146, 0.996658536585, 0.997658536585, 0.997551219512, 0.997541463415, 0.997673170732, 0.995551219512, 0.997517073171, 0.999097560976, 0.99767804878, 0.993926829268, 0.99867804878, 0.991409756098, 0.997912195122, 0.99416097561, 0.997629268293, 0.996224390244, 0.997873170732, 0.997858536585, 0.998307317073, 0.997009756098, 0.996858536585, 0.998580487805, 0.993634146341, 0.99732195122, 0.995736585366]
NonLoved_delratio
[0.993195275591, 0.99622519685, 0.996067716535, 0.99434488189, 0.994809448819, 0.995984251968, 0.995366929134, 0.994628346457, 0.993763779528, 0.994436220472, 0.995026771654, 0.995377952756, 0.996587401575, 0.995833070866, 0.993398425197, 0.996788976378, 0.99265984252, 0.995303937008, 0.994645669291, 0.996012598425, 0.9948, 0.996417322835, 0.996070866142, 0.995716535433, 0.992902362205, 0.995302362205, 0.993576377953, 0.995233070866, 0.99525984252, 0.995061417323]
Loved_deldelay
[3553.46596038, 3623.44205448, 3801.45768021, 3701.75522642, 3565.70199914, 3872.46161972, 3720.94317034, 3697.08747165, 3683.10210039, 3480.91413773, 3823.72576843, 3727.07417866, 3817.90854342, 3878.02391383, 3946.15939921, 3669.5993425, 3651.55921644, 3757.69992851, 3462.17118838, 3607.4562682, 3755.53387042, 3652.12227811, 3831.79722481, 3594.99868814, 3463.4026249, 3573.94919739, 3666.04430291, 3809.09729247, 3838.57327836, 3791.16686034]
NonLoved_deldelay
[3643.03339269, 3890.40600744, 4029.97830119, 3906.1657472, 3958.03201959, 3822.60419681, 3872.12674284, 3956.42289528, 3704.64530211, 3656.21484136, 3971.48288219, 3901.697267, 3656.94824906, 4083.67732411, 3758.99201743, 3692.67210821, 3921.35849282, 3811.12160211, 3626.50691565, 3623.38498124, 3605.44984608, 3924.19630888, 3823.44569657, 3889.21493689, 3793.08871913, 3658.6019145, 3876.3608945, 3891.80387733, 3795.9540641, 4036.62740636]
Data sent in bytes: 
[411483723950.0, 361959020950.0, 345352197425.0, 406973376200.0, 335326124750.0, 346861060175.0, 391187880875.0, 349312393225.0, 405643118850.0, 339250671650.0, 353813698425.0, 433172961825.0, 343297343100.0, 321446482175.0, 350769226225.0, 346100573700.0, 356657510225.0, 357271290850.0, 368262219650.0, 339891409500.0, 332315697450.0, 353204088200.0, 357544562325.0, 352806867625.0, 343535196250.0, 337899973325.0, 354896528750.0, 373034540700.0, 390325349925.0, 357689343375.0]
Total sent in bytes: 
[430761335534.0, 380256496506.0, 364343884469.0, 426267730960.0, 353215839330.0, 365771356999.0, 410350523471.0, 367060058901.0, 424163262782.0, 356740348146.0, 372233236341.0, 452515978853.0, 360820296872.0, 338609839863.0, 369255033893.0, 364227311608.0, 374915474237.0, 375554742490.0, 387439264910.0, 358079261516.0, 350381127798.0, 370902529208.0, 376264275377.0, 371145236193.0, 361890420282.0, 355283348093.0, 372931557470.0, 392005468860.0, 408969589445.0, 376175556431.0]
