# type >!< metric >!< mean >!< standard deviation >!< variance >!< confidence interval

epidemic-loved >!< delivery ratio >!< 0.863089430894 >!< 0.0119779936157 >!< 0.000143472331057 >!< [0.859393616484,0.866785245305]

epidemic-loved >!< delivery delay >!< 12463.7266919 >!< 433.763467695 >!< 188150.745907 >!< [12329.8888117,12597.5645721]

epidemic-non-loved >!< delivery delay >!< 0.853303412074 >!< 0.00604123359381 >!< 3.6496503335e-05 >!< [0.851439387188,0.855167436959]

epidemic-non-loved >!< delivery delay >!< 12564.6742084 >!< 245.251972853 >!< 60148.5301884 >!< [12489.0016205,12640.3467964]

epidemic >!< databytessent >!< 22513742329.2 >!< 330831179.774 >!< 1.09449269511e+17 >!< [22411664244.9,22615820413.4]

epidemic >!< totalbytessent >!< 22671136420.8 >!< 334254596.164 >!< 1.11726135057e+17 >!< [22568002040.1,22774270801.4]


Loved_delratio
[0.865926829268, 0.839585365854, 0.865280487805, 0.867719512195, 0.856634146341, 0.873048780488, 0.860670731707, 0.872097560976, 0.869646341463, 0.846475609756, 0.85537804878, 0.860792682927, 0.860743902439, 0.876292682927, 0.857646341463, 0.868926829268, 0.859219512195, 0.862817073171, 0.870317073171, 0.874731707317, 0.854512195122, 0.852865853659, 0.838743902439, 0.853304878049, 0.870195121951, 0.865841463415, 0.896317073171, 0.882353658537, 0.852341463415, 0.862256097561]
NonLoved_delratio
[0.855204724409, 0.859460629921, 0.853342519685, 0.851271653543, 0.851212598425, 0.845086614173, 0.853625984252, 0.859744094488, 0.853480314961, 0.855700787402, 0.864692913386, 0.854787401575, 0.854043307087, 0.848220472441, 0.850728346457, 0.851094488189, 0.83838976378, 0.863086614173, 0.854188976378, 0.841181102362, 0.85162992126, 0.857570866142, 0.864145669291, 0.859496062992, 0.854988188976, 0.852669291339, 0.845271653543, 0.852141732283, 0.852728346457, 0.849917322835]
Loved_deldelay
[11819.9962164, 12256.8830642, 12998.474311, 12890.0800875, 12239.8775015, 12241.234714, 12137.2139317, 12379.7427076, 12825.5116822, 11935.7402744, 12103.2879961, 12402.8232478, 13086.9472057, 11985.8774927, 12769.0632107, 12848.5646769, 13123.6189241, 12240.7890367, 13065.3445454, 12059.0044068, 11780.2921237, 12057.7169061, 12593.2618799, 12157.1688962, 13340.7441235, 12447.1875716, 12338.800173, 12323.7607642, 12403.2791364, 13059.5139482]
NonLoved_deldelay
[12597.0458771, 12164.744151, 12831.5848593, 12858.9115545, 12636.129726, 12414.1486456, 12606.8425247, 12309.1097553, 12530.2030136, 12533.1790645, 12471.6959494, 12216.2831873, 12780.0465651, 12270.6167099, 12553.8200164, 12393.4969119, 13142.4519632, 12182.7991441, 12613.2890848, 12553.2313624, 12926.4023991, 12311.1345812, 12800.176328, 12733.6954086, 12864.9032034, 12677.0906284, 12557.1890006, 12768.1089061, 12244.017595, 12397.8781367]
Data sent in bytes: 
[22436250750.0, 22628209450.0, 22543448075.0, 22426406200.0, 22755757525.0, 22718594850.0, 22004062975.0, 23061700475.0, 22514746500.0, 22203099325.0, 23043134175.0, 22844699325.0, 22282086300.0, 22184753575.0, 22704850575.0, 21924755200.0, 22338206250.0, 22524220125.0, 22491518575.0, 22539718775.0, 22228773350.0, 22287028625.0, 22698103750.0, 22684570000.0, 22695136350.0, 22979916525.0, 22249505050.0, 22094658900.0, 22076253000.0, 23248105325.0]
Total sent in bytes: 
[22589532474.0, 22784413710.0, 22698885447.0, 22586434820.0, 22912661181.0, 22882335862.0, 22155037843.0, 23229380407.0, 22672665088.0, 22352076629.0, 23205297943.0, 23005113641.0, 22437686600.0, 22339114391.0, 22865700411.0, 22074534612.0, 22495301214.0, 22687010873.0, 22651409879.0, 22697393211.0, 22384645118.0, 22442753201.0, 22854619902.0, 22838561592.0, 22858279570.0, 23136822093.0, 22405084922.0, 22250495628.0, 22227914960.0, 23412929401.0]
