# type >!< metric >!< mean >!< standard deviation >!< variance >!< confidence interval

epidemic-loved >!< delivery ratio >!< 0.989302439024 >!< 0.00299516420863 >!< 8.97100863667e-06 >!< [0.988378279987,0.990226598061]

epidemic-loved >!< delivery delay >!< 8456.75174056 >!< 343.695001187 >!< 118126.253841 >!< [8350.70451938,8562.79896174]

epidemic-non-loved >!< delivery delay >!< 0.98526351706 >!< 0.00180859750058 >!< 3.27102491909e-06 >!< [0.984705473625,0.985821560496]

epidemic-non-loved >!< delivery delay >!< 8458.73133066 >!< 169.002402615 >!< 28561.8120896 >!< [8406.58557612,8510.87708521]

epidemic >!< databytessent >!< 61529617442.5 >!< 886737672.342 >!< 7.8630369955e+17 >!< [61256014202.0,61803220683.0]

epidemic >!< totalbytessent >!< 62009972892.0 >!< 896482817.022 >!< 8.03681441216e+17 >!< [61733362783.4,62286583000.5]


Loved_delratio
[0.987658536585, 0.987658536585, 0.987146341463, 0.987658536585, 0.991402439024, 0.985280487805, 0.984390243902, 0.990585365854, 0.979024390244, 0.987914634146, 0.990817073171, 0.991097560976, 0.98556097561, 0.989731707317, 0.991585365854, 0.991317073171, 0.992, 0.991865853659, 0.986829268293, 0.990682926829, 0.99412195122, 0.989865853659, 0.991475609756, 0.98962195122, 0.99043902439, 0.990817073171, 0.989658536585, 0.989731707317, 0.991804878049, 0.991329268293]
NonLoved_delratio
[0.984381889764, 0.988948818898, 0.984547244094, 0.987464566929, 0.987653543307, 0.98862992126, 0.986397637795, 0.983964566929, 0.984590551181, 0.983181102362, 0.983649606299, 0.986066929134, 0.987153543307, 0.984771653543, 0.984996062992, 0.984385826772, 0.982137795276, 0.987, 0.98537007874, 0.98574015748, 0.987248031496, 0.985070866142, 0.983606299213, 0.983562992126, 0.985141732283, 0.98418503937, 0.985007874016, 0.981216535433, 0.986728346457, 0.985106299213]
Loved_deldelay
[8128.80058723, 8494.67389915, 8142.68895334, 8277.74613756, 7524.80093363, 8153.69746237, 8630.70297528, 8149.55239597, 8713.74498206, 8755.42933515, 8646.39091595, 8390.64182577, 8560.87579222, 8041.83222716, 8724.24952589, 8391.10464788, 8551.57593308, 8900.24037625, 8161.77699408, 8734.06790639, 8380.54339353, 8412.61759236, 8407.63003563, 8846.72015945, 8705.98919157, 8399.36013097, 9384.98927985, 8691.27163921, 8210.04369216, 8188.7932956]
NonLoved_deldelay
[8469.87752136, 8208.05603697, 8322.49945917, 8442.44562186, 8471.34790781, 8688.24908964, 8240.2094042, 8357.55629028, 8373.39326264, 8491.24342304, 8388.253456, 8351.83604744, 8378.15179166, 8430.92822307, 8498.49265773, 8432.22940714, 8407.21797399, 8478.34998935, 8543.58228436, 8742.76245485, 8458.48351032, 8190.29658703, 8191.47576543, 8630.90020169, 8521.25537868, 8498.81027503, 9022.89670423, 8503.72579241, 8461.29833089, 8566.11507156]
Data sent in bytes: 
[60751931075.0, 61995843100.0, 61345691775.0, 61627905550.0, 61115918775.0, 60994606250.0, 60325978850.0, 63025360475.0, 60792412025.0, 61747844650.0, 61516868650.0, 61382764225.0, 60766377100.0, 62518847350.0, 60243583375.0, 63685837550.0, 62009005925.0, 60136105350.0, 60927679350.0, 61472618300.0, 62046940525.0, 60290460275.0, 61900034175.0, 62686314975.0, 62707918850.0, 61800806725.0, 61414934450.0, 61029573450.0, 62712520325.0, 60915839825.0]
Total sent in bytes: 
[61232724743.0, 62475302376.0, 61833462995.0, 62102679166.0, 61590078235.0, 61472095954.0, 60790285206.0, 63537923275.0, 61266705125.0, 62246380878.0, 61997873530.0, 61860841921.0, 61240775280.0, 62996604346.0, 60701004275.0, 64187099710.0, 62499234545.0, 60591326710.0, 61408001938.0, 61943556448.0, 62514002301.0, 60753191227.0, 62389050655.0, 63179897247.0, 63206180998.0, 62299804505.0, 61888528642.0, 61500311574.0, 63188854677.0, 61405408277.0]
