# type >!< metric >!< mean >!< standard deviation >!< variance >!< confidence interval

keetchi-loved >!< delivery ratio >!< 0.972794308943 >!< 0.00502383775176 >!< 2.5238945756e-05 >!< [0.971244201926,0.974344415961]

keetchi-loved >!< delivery delay >!< 18798.2733622 >!< 562.90402934 >!< 316860.946247 >!< [18624.5891134,18971.9576111]

keetchi-non-loved >!< delivery delay >!< 0.152212335958 >!< 0.00557113088273 >!< 3.10374993125e-05 >!< [0.15049336144,0.153931310476]

keetchi-non-loved >!< delivery delay >!< 168828.129876 >!< 6377.57570667 >!< 40673471.8943 >!< [166860.326506,170795.933245]

databytessent >!< delivery delay >!< 8594603593.33 >!< 143424959.653 >!< 2.05707190513e+16 >!< [8550349768.38,8638857418.28]

totalbytessent >!< delivery delay >!< 8594603593.33 >!< 143424959.653 >!< 2.05707190513e+16 >!< [8550349768.38,8638857418.28]


Loved_delratio
[0.964926829268, 0.96743902439, 0.975195121951, 0.982414634146, 0.974268292683, 0.981853658537, 0.969073170732, 0.973975609756, 0.979975609756, 0.97012195122, 0.981609756098, 0.978658536585, 0.966365853659, 0.968609756098, 0.977463414634, 0.96887804878, 0.965292682927, 0.973048780488, 0.970292682927, 0.96943902439, 0.969487804878, 0.976780487805, 0.971926829268, 0.966024390244, 0.97243902439, 0.97112195122, 0.975, 0.975731707317, 0.970682926829, 0.975731707317]

NonLoved_delratio
[0.155464566929, 0.161496062992, 0.145795275591, 0.144417322835, 0.151897637795, 0.152779527559, 0.152086614173, 0.155362204724, 0.147393700787, 0.154251968504, 0.152338582677, 0.144826771654, 0.150622047244, 0.155007874016, 0.160590551181, 0.15157480315, 0.151551181102, 0.146669291339, 0.148559055118, 0.162330708661, 0.150559055118, 0.152653543307, 0.147070866142, 0.157267716535, 0.152220472441, 0.153976377953, 0.152881889764, 0.137007874016, 0.157582677165, 0.160133858268]

Loved_deldelay
[19208.8314773, 19374.3377841, 17680.6376148, 19210.7554024, 19250.6964189, 19785.5113362, 19062.2359598, 19076.3105816, 18129.5571491, 18345.4403094, 18662.1568568, 17755.8405773, 19134.0355472, 19303.6463638, 18497.467379, 18619.9170919, 17980.4744648, 17961.2207947, 18720.1034925, 18801.5947249, 18680.9773263, 19462.1542331, 19065.0994983, 19568.9612195, 18722.3165863, 18378.3948831, 19692.7327309, 18386.654443, 18583.7131659, 18846.4254545]

NonLoved_deldelay
[177217.76897, 161356.323277, 170734.853776, 165789.867162, 160568.969221, 170393.407054, 164266.398085, 167301.588027, 163768.549897, 176688.775823, 174061.934731, 162886.507177, 160268.002866, 170122.537798, 173646.453385, 163502.760113, 177909.280331, 167659.429707, 172331.604932, 178996.468143, 154636.982748, 169487.5113, 165008.160188, 177856.377024, 169536.838523, 167484.100975, 175564.101285, 159479.674879, 173078.499491, 173240.169377]

Data sent in bytes: 
[8808055225.0, 8649158975.0, 8622753125.0, 8455024850.0, 8421611525.0, 8867132550.0, 8403436200.0, 8504648600.0, 8568788550.0, 8700847875.0, 8541400250.0, 8407917375.0, 8551916475.0, 8683494600.0, 8662542350.0, 8495586000.0, 8526182300.0, 8690742675.0, 8884977050.0, 8661008525.0, 8526312625.0, 8453470975.0, 8351526750.0, 8584587950.0, 8624667900.0, 8518001900.0, 8754942775.0, 8861448375.0, 8472578625.0, 8583344850.0]

Total sent in bytes: 
[8808055225.0, 8649158975.0, 8622753125.0, 8455024850.0, 8421611525.0, 8867132550.0, 8403436200.0, 8504648600.0, 8568788550.0, 8700847875.0, 8541400250.0, 8407917375.0, 8551916475.0, 8683494600.0, 8662542350.0, 8495586000.0, 8526182300.0, 8690742675.0, 8884977050.0, 8661008525.0, 8526312625.0, 8453470975.0, 8351526750.0, 8584587950.0, 8624667900.0, 8518001900.0, 8754942775.0, 8861448375.0, 8472578625.0, 8583344850.0]
