# type >!< metric >!< mean >!< standard deviation >!< variance >!< confidence interval

keetchi-loved >!< delivery ratio >!< 0.0405967479675 >!< 0.0110656256057 >!< 0.000122448070046 >!< [0.0371824450476,0.0440110508874]

keetchi-loved >!< delivery delay >!< 38493.4887039 >!< 10414.3862756 >!< 108459441.497 >!< [35280.125923,41706.8514848]

keetchi-non-loved >!< delivery delay >!< 0.0415998687664 >!< 0.00579455114278 >!< 3.35768229463e-05 >!< [0.0398119578438,0.043387779689]

keetchi-non-loved >!< delivery delay >!< 36928.6365901 >!< 3883.82176349 >!< 15084071.4906 >!< [35730.2819322,38126.991248]

databytessent >!< delivery delay >!< 2628785240.83 >!< 51275750.3996 >!< 2.62920257905e+15 >!< [2612964088.87,2644606392.8]

totalbytessent >!< delivery delay >!< 2628785240.83 >!< 51275750.3996 >!< 2.62920257905e+15 >!< [2612964088.87,2644606392.8]


Loved_delratio
[0.0280853658537, 0.038, 0.0360487804878, 0.0354512195122, 0.0455487804878, 0.048256097561, 0.0207195121951, 0.0233658536585, 0.0471463414634, 0.047012195122, 0.0383780487805, 0.0402804878049, 0.0597804878049, 0.0336463414634, 0.0446097560976, 0.0246341463415, 0.0513902439024, 0.0188780487805, 0.0405853658537, 0.0447195121951, 0.0616951219512, 0.0426829268293, 0.0385609756098, 0.0497317073171, 0.0562804878049, 0.0511219512195, 0.030743902439, 0.0317073170732, 0.0509268292683, 0.0379146341463]

NonLoved_delratio
[0.0456732283465, 0.0392125984252, 0.0367244094488, 0.0352007874016, 0.0440472440945, 0.050562992126, 0.0417795275591, 0.0486220472441, 0.0388503937008, 0.041157480315, 0.0409645669291, 0.0367362204724, 0.0543937007874, 0.0425078740157, 0.0400866141732, 0.0401377952756, 0.0377559055118, 0.0470275590551, 0.0288897637795, 0.0372519685039, 0.0332322834646, 0.0442952755906, 0.0484291338583, 0.0508228346457, 0.0331771653543, 0.0406023622047, 0.0477874015748, 0.0417480314961, 0.0412165354331, 0.0391023622047]

Loved_deldelay
[26149.988957, 45392.6467406, 36613.8387265, 35937.7814077, 41787.7708214, 37907.2890695, 41149.8094229, 17063.0065553, 39884.9612381, 35784.7582406, 39945.6560967, 50835.0108299, 39417.7881641, 31607.2608549, 38224.690228, 17368.024117, 39221.0185906, 40619.2763758, 21650.4291016, 38701.5318573, 42791.2696232, 53617.9490435, 36336.7029801, 48745.00837, 41618.3774304, 42170.014478, 36340.2499859, 25094.882418, 44085.2183026, 68742.4510897]

NonLoved_deldelay
[42078.6873918, 34320.9882067, 31890.4710534, 34837.7751701, 39322.9177783, 40888.3285628, 36158.2448685, 35595.0063165, 34751.7373446, 40009.210355, 39325.8769797, 39723.1852328, 39132.1293324, 33530.9671179, 38841.3580185, 35178.7660906, 41598.1262871, 33583.8596695, 27464.5022911, 34254.3207496, 33596.4626203, 39825.2959201, 39384.6260634, 36109.8208135, 36531.107722, 42709.4989787, 37939.9808839, 44486.4582643, 34732.2590305, 30057.1285905]

Data sent in bytes: 
[2604083975.0, 2661406925.0, 2579683125.0, 2576585400.0, 2571502725.0, 2592765750.0, 2630349475.0, 2693376650.0, 2633036175.0, 2624364550.0, 2682970700.0, 2637667725.0, 2600665450.0, 2661878100.0, 2765376200.0, 2634519875.0, 2597347175.0, 2676855450.0, 2597607825.0, 2652695200.0, 2529878925.0, 2616053825.0, 2568535325.0, 2688674925.0, 2577778375.0, 2674168750.0, 2610038825.0, 2671281550.0, 2562099275.0, 2690309000.0]

Total sent in bytes: 
[2604083975.0, 2661406925.0, 2579683125.0, 2576585400.0, 2571502725.0, 2592765750.0, 2630349475.0, 2693376650.0, 2633036175.0, 2624364550.0, 2682970700.0, 2637667725.0, 2600665450.0, 2661878100.0, 2765376200.0, 2634519875.0, 2597347175.0, 2676855450.0, 2597607825.0, 2652695200.0, 2529878925.0, 2616053825.0, 2568535325.0, 2688674925.0, 2577778375.0, 2674168750.0, 2610038825.0, 2671281550.0, 2562099275.0, 2690309000.0]
