# type >!< metric >!< mean >!< standard deviation >!< variance >!< confidence interval

epidemic-loved >!< delivery ratio >!< 0.977809646708 >!< 0.00443561333736 >!< 1.96746656786e-05 >!< [0.976441036553,0.979178256862]

epidemic-loved >!< delivery delay >!< 12265.7406155 >!< 174.778959265 >!< 30547.6846018 >!< [12211.8125023,12319.6687288]

epidemic-non-loved >!< delivery delay >!< 0.978403678193 >!< 0.00145500345435 >!< 2.11703505218e-06 >!< [0.977954736333,0.978852620053]

epidemic-non-loved >!< delivery delay >!< 12266.3901971 >!< 57.7877961269 >!< 3339.4293812 >!< [12248.559751,12284.2206433]

epidemic >!< databytessent >!< 4.7501598251e+12 >!< 2.69790948723e+12 >!< 7.27871560129e+24 >!< [3.91771884363e+12,5.58260080657e+12]

epidemic >!< totalbytessent >!< 4.81626509787e+12 >!< 2.73545475921e+12 >!< 7.48271273968e+24 >!< [3.97223950869e+12,5.66029068706e+12]


Loved_delratio
[0.985103668262, 0.981757377049, 0.975, 0.972787162162, 0.973619546248, 0.98040381558, 0.97942019544, 0.977648208469, 0.976273356401, 0.977003460208, 0.975614035088, 0.982405498282, 0.981098591549, 0.986492753623, 0.976817133443, 0.972831889081, 0.9720625, 0.979974774775, 0.979623794212, 0.973007067138, 0.978603333333, 0.97197274276, 0.971092224231, 0.983711038961, 0.977026604069, 0.978031847134, 0.974441471572, 0.981824915825, 0.98600625, 0.972634146341]
NonLoved_delratio
[0.975872767857, 0.977087893864, 0.979390772651, 0.980040503558, 0.979707475623, 0.97751396648, 0.977872576177, 0.97847534626, 0.978890820206, 0.978661596958, 0.979193080357, 0.976953728906, 0.977396002161, 0.975832886984, 0.978750551876, 0.97996742671, 0.980496908375, 0.977756437768, 0.977795214246, 0.979871559633, 0.978153930731, 0.980281659389, 0.980391211147, 0.976404880754, 0.97871011236, 0.978347292016, 0.97952114223, 0.977106849315, 0.975480607083, 0.980185144124]
Loved_deldelay
[12268.3517225, 12227.4283632, 12179.1313877, 12145.2138497, 12499.4429976, 12143.1896113, 12027.5161789, 12146.7561889, 11900.1555229, 12219.5504861, 12201.2818497, 12521.6123752, 12203.5348204, 12247.1711728, 12227.2398086, 12236.3736634, 12528.4223955, 12014.0996498, 12496.0015747, 12132.8026008, 12392.5858518, 12213.1181545, 12411.6372727, 12401.7227292, 12582.279802, 12171.9211263, 12119.8932363, 12555.5923334, 12408.6557899, 12149.5359504]
NonLoved_deldelay
[12266.2649619, 12280.1694573, 12296.9037416, 12305.910885, 12195.0587761, 12310.3905842, 12348.3444119, 12307.6191552, 12381.6200424, 12281.6206094, 12289.6623407, 12185.6341372, 12286.3123958, 12272.6580435, 12280.0495479, 12276.2790467, 12173.5162526, 12342.2418772, 12187.3452757, 12307.4700375, 12225.2986452, 12283.8587491, 12224.3129314, 12220.3804014, 12153.7693818, 12300.101273, 12314.8290357, 12172.3647276, 12215.2384135, 12306.4807757]
Data sent in bytes: 
[919385772600.0, 9193857726000.0, 8274471953400.0, 2145233469400.0, 1838771545200.0, 3677543090400.0, 6435700408200.0, 3371081166200.0, 1225847696800.0, 2758157317800.0, 6742162332400.0, 7355086180800.0, 7661548105000.0, 3064619242000.0, 6129238484000.0, 4290466938800.0, 1532309621000.0, 7968010029200.0, 612923848400.0, 3984005014600.0, 5516314635600.0, 306461924200.0, 8580933877600.0, 2451695393600.0, 4903390787200.0, 4596928863000.0, 8887395801800.0, 5209852711400.0, 5822776559800.0, 7048624256600.0]
Total sent in bytes: 
[932180341524.0, 9321803415240.0, 8389623073716.0, 2175087463556.0, 1864360683048.0, 3728721366096.0, 6525262390668.0, 3417994585588.0, 1242907122032.0, 2796541024572.0, 6835989171176.0, 7457442732192.0, 7768169512700.0, 3107267805080.0, 6214535610160.0, 4350174927112.0, 1553633902540.0, 8078896293208.0, 621453561016.0, 4039448146604.0, 5593082049144.0, 310726780508.0, 8700349854224.0, 2485814244064.0, 4971628488128.0, 4660901707620.0, 9011076634732.0, 5282355268636.0, 5903808829652.0, 7146715951684.0]
