# type >!< metric >!< mean >!< standard deviation >!< variance >!< confidence interval

keetchi-loved >!< delivery ratio >!< 0.923370325203 >!< 0.0134379293426 >!< 0.000180577945017 >!< [0.919224047078,0.927516603329]

keetchi-loved >!< delivery delay >!< 10235.9429065 >!< 505.870540366 >!< 255905.003611 >!< [10079.8563621,10392.029451]

keetchi-non-loved >!< delivery delay >!< 0.0147266404199 >!< 0.00212648214807 >!< 4.52192632605e-06 >!< [0.0140705135577,0.0153827672822]

keetchi-non-loved >!< delivery delay >!< 7602.0733485 >!< 782.884655646 >!< 612908.384046 >!< [7360.51399516,7843.63270185]

databytessent >!< delivery delay >!< 11193480249.2 >!< 238250430.258 >!< 5.6763267518e+16 >!< [11119967989.8,11266992508.5]

totalbytessent >!< delivery delay >!< 11193480249.2 >!< 238250430.258 >!< 5.6763267518e+16 >!< [11119967989.8,11266992508.5]


Loved_delratio
[0.928085365854, 0.932341463415, 0.92112195122, 0.924256097561, 0.92743902439, 0.926195121951, 0.902207317073, 0.93487804878, 0.952902439024, 0.92793902439, 0.928963414634, 0.934048780488, 0.912182926829, 0.915975609756, 0.920256097561, 0.900841463415, 0.923280487805, 0.913182926829, 0.91106097561, 0.955292682927, 0.925426829268, 0.933036585366, 0.926292682927, 0.908743902439, 0.902256097561, 0.941829268293, 0.907609756098, 0.924256097561, 0.927646341463, 0.91156097561]

NonLoved_delratio
[0.0158188976378, 0.014688976378, 0.015468503937, 0.0133346456693, 0.0138622047244, 0.00989763779528, 0.0145708661417, 0.0132519685039, 0.0162952755906, 0.0137519685039, 0.0145787401575, 0.0142519685039, 0.0121062992126, 0.0189527559055, 0.0130275590551, 0.0187598425197, 0.0142834645669, 0.0129409448819, 0.0188503937008, 0.0132322834646, 0.0160866141732, 0.0138858267717, 0.0135039370079, 0.0139488188976, 0.0140157480315, 0.0132559055118, 0.0185472440945, 0.0140275590551, 0.0149488188976, 0.0176535433071]

Loved_deldelay
[9972.47992571, 9725.87237604, 10084.5528614, 11577.0652423, 10167.4278764, 10621.8638483, 10673.7866203, 10292.756502, 10624.1493501, 10644.6071866, 10447.1954488, 9711.48646051, 10154.988501, 9982.24684847, 9870.93569981, 10273.1359165, 9602.77096525, 10050.125589, 11057.8670759, 10051.7560835, 9350.89984164, 10994.6710763, 10194.6949872, 9669.31550178, 10187.0654571, 9363.27893352, 10306.664396, 10549.18785, 10048.1639164, 10827.2748583]

NonLoved_deldelay
[8067.40910571, 7350.75599885, 7532.81786064, 8515.32074228, 8008.51684989, 5737.31654703, 8585.61842031, 6750.7090927, 8731.73534931, 7999.78989696, 7320.55367518, 7723.62473851, 7361.28705179, 7214.16955698, 6024.13693649, 7598.73291394, 7929.42804861, 7542.92809703, 8941.4339365, 7168.54715143, 7760.143998, 7018.78704917, 6914.74800793, 6527.85706382, 7716.30459068, 7670.37681634, 8225.27980632, 9162.31837946, 7215.72972315, 7745.82305014]

Data sent in bytes: 
[11401171850.0, 11262806800.0, 11111248850.0, 10938247425.0, 11331247475.0, 11305693750.0, 11162787375.0, 11494003350.0, 11041113950.0, 11329252500.0, 10985344875.0, 10913295200.0, 11097103575.0, 11184040375.0, 11052682800.0, 10878739025.0, 11254135175.0, 11800958825.0, 11466735350.0, 11228571425.0, 11176260975.0, 11013284550.0, 11419808325.0, 10917946800.0, 11467066175.0, 11082497150.0, 10923119700.0, 10710319025.0, 11428339600.0, 11426585225.0]

Total sent in bytes: 
[11401171850.0, 11262806800.0, 11111248850.0, 10938247425.0, 11331247475.0, 11305693750.0, 11162787375.0, 11494003350.0, 11041113950.0, 11329252500.0, 10985344875.0, 10913295200.0, 11097103575.0, 11184040375.0, 11052682800.0, 10878739025.0, 11254135175.0, 11800958825.0, 11466735350.0, 11228571425.0, 11176260975.0, 11013284550.0, 11419808325.0, 10917946800.0, 11467066175.0, 11082497150.0, 10923119700.0, 10710319025.0, 11428339600.0, 11426585225.0]
