# type >!< metric >!< mean >!< standard deviation >!< variance >!< confidence interval

epidemic-loved >!< delivery ratio >!< 0.991721951219 >!< 0.00156486190944 >!< 2.44879279562e-06 >!< [0.991239112492,0.992204789947]

epidemic-loved >!< delivery delay >!< 7526.23137133 >!< 302.559146727 >!< 91542.0372683 >!< [7432.87663343,7619.58610923]

epidemic-non-loved >!< delivery delay >!< 0.987760761155 >!< 0.00161933067558 >!< 2.62223183687e-06 >!< [0.987261116069,0.988260406241]

epidemic-non-loved >!< delivery delay >!< 7571.39509648 >!< 149.156899823 >!< 22247.7807648 >!< [7525.37267924,7617.41751371]

epidemic >!< databytessent >!< 74963978924.2 >!< 1318116220.86 >!< 1.73743037171e+18 >!< [74557273671.2,75370684177.2]

epidemic >!< totalbytessent >!< 75809618864.2 >!< 1330499602.61 >!< 1.77022919253e+18 >!< [75399092714.1,76220145014.2]


Loved_delratio
[0.990036585366, 0.991097560976, 0.992963414634, 0.990853658537, 0.99293902439, 0.992756097561, 0.991658536585, 0.992646341463, 0.990914634146, 0.992463414634, 0.99262195122, 0.98856097561, 0.992219512195, 0.986951219512, 0.99287804878, 0.993280487805, 0.993182926829, 0.993, 0.98937804878, 0.991536585366, 0.992426829268, 0.992634146341, 0.993, 0.99012195122, 0.993, 0.991353658537, 0.992146341463, 0.991365853659, 0.99362195122, 0.990048780488]
NonLoved_delratio
[0.99011023622, 0.988279527559, 0.988858267717, 0.986720472441, 0.985011811024, 0.989326771654, 0.987082677165, 0.987070866142, 0.984295275591, 0.986807086614, 0.988401574803, 0.988078740157, 0.988149606299, 0.988618110236, 0.988066929134, 0.98912992126, 0.989062992126, 0.989657480315, 0.987043307087, 0.98844488189, 0.986303149606, 0.991125984252, 0.988933070866, 0.988881889764, 0.988838582677, 0.985464566929, 0.987208661417, 0.984901574803, 0.986755905512, 0.986192913386]
Loved_deldelay
[7462.34791699, 7278.1496357, 6747.01229155, 7146.25464462, 7485.50162806, 7416.45430649, 7840.80549955, 7475.14813555, 7729.5579979, 7318.34465902, 7667.43620642, 7754.732623, 7392.90040417, 7677.03431547, 7798.06862174, 7468.7233518, 8307.30779669, 7510.52267589, 7127.7585274, 7712.46928819, 7575.80207666, 7245.38552639, 7421.61745015, 7474.07760797, 7347.04421861, 7997.34579642, 7644.7635175, 7918.5486984, 7193.06092895, 7652.76479271]
NonLoved_deldelay
[7462.46891956, 7541.95138928, 7515.24321396, 7440.89984979, 7460.67430032, 7679.6761759, 7481.48133883, 7265.60319976, 7623.29932347, 7486.96105153, 7591.2260891, 7408.83363305, 7328.20969872, 7531.33053211, 7842.00977474, 7558.37383096, 7989.30988104, 7617.37082733, 7563.22560979, 7567.76286931, 7555.38032614, 7791.06710152, 7547.10544366, 7700.67376256, 7570.63533205, 7805.4918115, 7447.54449911, 7570.47381712, 7570.48141241, 7627.08787963]
Data sent in bytes: 
[75614314375.0, 74212568750.0, 74713868875.0, 72613390775.0, 73197687875.0, 77489901650.0, 74131346200.0, 74656285275.0, 73537405050.0, 74267094725.0, 76094742450.0, 73874325250.0, 76519752325.0, 74766289600.0, 73959988875.0, 73213647675.0, 77010185350.0, 75322606925.0, 74879131000.0, 75678033275.0, 78666786525.0, 75514736050.0, 74072579650.0, 74218774225.0, 75877250075.0, 74659633625.0, 75498676000.0, 74503845125.0, 75500059450.0, 74654460725.0]
Total sent in bytes: 
[76477509723.0, 75012761090.0, 75561860051.0, 73428867763.0, 74025581419.0, 78312498314.0, 74991459088.0, 75500641803.0, 74379199802.0, 75126821453.0, 76997125606.0, 74714110462.0, 77388206341.0, 75624966976.0, 74806023371.0, 74030706407.0, 77894626262.0, 76159086085.0, 75756687676.0, 76510670219.0, 79545623597.0, 76352637390.0, 74907238066.0, 75051626285.0, 76720327883.0, 75464115497.0, 76379766716.0, 75332395561.0, 76344176742.0, 75491248277.0]
