733 652 0 0
570 87 0 0
1141 379 0 0
766 445 0 0
488 494 0 0
503 146 0 0
814 831 0 0
1047 102 0 0
802 1463 0 0
1103 611 0 0
1135 1048 0 0
232 1171 0 0
63 406 0 0
304 638 0 0
555 1403 0 0
435 1399 0 0
1165 1292 0 0
262 479 0 0
1010 789 0 0
1238 195 0 0
1373 849 0 0
646 51 0 0
530 1367 0 0
267 1035 0 0
30 1382 0 0
1287 1161 0 0
360 385 0 0
664 846 0 0
797 987 0 0
491 97 0 0
724 455 0 0
1432 62 0 0
667 1234 0 0
891 695 0 0
1187 904 0 0
566 1439 0 0
56 59 0 0
187 366 0 0
433 1013 0 0
130 772 0 0
57 1014 0 0
1277 184 0 0
1408 402 0 0
53 995 0 0
346 175 0 0
1100 957 0 0
665 1273 0 0
522 1039 0 0
362 112 0 0
551 390 0 0
624 1061 0 0
1388 715 0 0
50 710 0 0
379 530 0 0
1423 947 0 0
1413 1231 0 0
1017 1143 0 0
405 792 0 0
260 1389 0 0
373 719 0 0
893 245 0 0
1148 239 0 0
270 1198 0 0
1277 46 0 0
1174 302 0 0
757 99 0 0
705 473 0 0
181 968 0 0
240 96 0 0
214 823 0 0
503 35 0 0
1365 489 0 0
1159 744 0 0
837 697 0 0
1320 1295 0 0
355 171 0 0
1159 1419 0 0
360 290 0 0
522 74 0 0
1087 171 0 0
441 202 0 0
1045 1082 0 0
94 994 0 0
234 1058 0 0
502 891 0 0
1258 1064 0 0
291 588 0 0
1386 1181 0 0
930 1349 0 0
965 831 0 0
1264 1437 0 0
313 650 0 0
1026 911 0 0
349 624 0 0
245 914 0 0
159 1443 0 0
788 1215 0 0
1285 1159 0 0
659 1233 0 0
407 584 0 0
1210 780 0 0
1315 35 0 0
1040 740 0 0
652 501 0 0
1288 726 0 0
1398 1016 0 0
1142 867 0 0
950 690 0 0
1167 985 0 0
1408 1362 0 0
1090 677 0 0
1244 233 0 0
1408 383 0 0
876 576 0 0
1044 1425 0 0
117 286 0 0
1251 621 0 0
1035 1129 0 0
1144 1344 0 0
729 1236 0 0
793 1450 0 0
312 1248 0 0
1180 83 0 0
190 782 0 0
1129 74 0 0
927 401 0 0
1065 449 0 0
628 739 0 0
1439 789 0 0
802 34 0 0
518 261 0 0
1422 656 0 0
377 436 0 0
876 452 0 0
585 558 0 0
265 364 0 0
469 638 0 0
1132 145 0 0
432 1187 0 0
382 94 0 0
1269 691 0 0
1427 1174 0 0
151 556 0 0
803 497 0 0
871 133 0 0
72 1465 0 0
296 1307 0 0
428 786 0 0
950 1456 0 0
650 1314 0 0
461 943 0 0
319 1430 0 0
1353 200 0 0
117 107 0 0
1064 388 0 0
813 481 0 0
1240 988 0 0
1408 932 0 0
826 822 0 0
1051 1407 0 0
695 278 0 0
603 772 0 0
1380 701 0 0
1407 114 0 0
495 507 0 0
603 1217 0 0
1244 778 0 0
206 724 0 0
365 172 0 0
418 443 0 0
211 659 0 0
1035 114 0 0
1445 292 0 0
704 1032 0 0
1399 406 0 0
1135 957 0 0
996 1033 0 0
1215 1199 0 0
101 772 0 0
892 823 0 0
639 250 0 0
773 774 0 0
847 120 0 0
105 1140 0 0
703 518 0 0
496 1457 0 0
532 567 0 0
1375 886 0 0
1022 1411 0 0
883 1208 0 0
337 822 0 0
500 920 0 0
657 538 0 0
43 980 0 0
1330 1373 0 0
289 295 0 0
617 1005 0 0
1032 34 0 0
1084 1372 0 0
273 987 0 0
