# type >!< metric >!< mean >!< standard deviation >!< variance >!< confidence interval

epidemic-loved >!< delivery ratio >!< 0.658649186992 >!< 0.0188521218252 >!< 0.000355402497313 >!< [0.652832357751,0.664466016233]

epidemic-loved >!< delivery delay >!< 13856.2271894 >!< 476.865360382 >!< 227400.571933 >!< [13709.090204,14003.3641747]

epidemic-non-loved >!< delivery delay >!< 0.649217847769 >!< 0.00796033431675 >!< 6.33669224345e-05 >!< [0.646761683638,0.6516740119]

epidemic-non-loved >!< delivery delay >!< 13986.4619788 >!< 282.201233537 >!< 79637.5362097 >!< [13899.3886827,14073.535275]

epidemic >!< databytessent >!< 12655515221.7 >!< 215129561.477 >!< 4.62807282212e+16 >!< [12589136915.0,12721893528.3]

epidemic >!< totalbytessent >!< 12769746947.4 >!< 217597916.035 >!< 4.73488530627e+16 >!< [12702607029.0,12836886865.8]


Loved_delratio
[0.652292682927, 0.642475609756, 0.647463414634, 0.620841463415, 0.655695121951, 0.691792682927, 0.676987804878, 0.645463414634, 0.654865853659, 0.635073170732, 0.647329268293, 0.681902439024, 0.656780487805, 0.634463414634, 0.695207317073, 0.646829268293, 0.667207317073, 0.648975609756, 0.684134146341, 0.66856097561, 0.650829268293, 0.677036585366, 0.659829268293, 0.663768292683, 0.656695121951, 0.620756097561, 0.681707317073, 0.660780487805, 0.67306097561, 0.660670731707]
NonLoved_delratio
[0.655358267717, 0.659031496063, 0.652464566929, 0.657220472441, 0.646933070866, 0.646905511811, 0.64487007874, 0.651858267717, 0.645755905512, 0.645594488189, 0.641728346457, 0.657027559055, 0.646665354331, 0.656657480315, 0.63668503937, 0.64874015748, 0.658496062992, 0.656578740157, 0.65242519685, 0.640755905512, 0.646897637795, 0.632779527559, 0.635393700787, 0.646984251969, 0.644362204724, 0.661059055118, 0.639885826772, 0.665118110236, 0.654771653543, 0.647531496063]
Loved_deldelay
[13862.5564912, 13948.0281815, 14266.4473206, 15267.501437, 13777.4407676, 14166.2581059, 12860.416142, 14020.5428504, 14895.4535315, 13825.0460896, 13447.3978238, 14238.2811957, 13595.30922, 13744.6631498, 13490.75006, 13807.0398086, 12899.4125039, 13800.4196336, 14108.6829664, 13739.5236481, 13653.951468, 13549.555331, 14030.4073103, 13258.1906877, 14077.1690956, 14050.8422701, 13952.1743096, 13706.7028783, 13657.0591833, 13989.5922195]
NonLoved_deldelay
[14483.8750733, 13896.1897298, 14275.7846048, 14052.5458992, 14426.2047982, 14127.458169, 14154.10829, 14017.8902691, 14758.6064411, 13901.2831537, 13822.0404719, 14020.0082376, 13973.3896864, 13684.2181523, 13596.3951724, 13972.3280271, 14007.3113792, 14321.4502874, 14052.2904259, 13832.794549, 13460.4977737, 13781.7300699, 13933.2808297, 13724.2845179, 13732.0124122, 13652.675058, 13831.5126045, 14137.3948267, 13765.0101797, 14199.288275]
Data sent in bytes: 
[12744932875.0, 12526347775.0, 12528533225.0, 12711168675.0, 12733755000.0, 12819298325.0, 12922686150.0, 12239692925.0, 12773855000.0, 12812310900.0, 12728030725.0, 12895608625.0, 13118684925.0, 12915738825.0, 12368423950.0, 12806837250.0, 12935538200.0, 12538748700.0, 12402669350.0, 12605394900.0, 12486739000.0, 12338389050.0, 12450588850.0, 12590377450.0, 12778516625.0, 12510799000.0, 12847378350.0, 12716421775.0, 12405125475.0, 12412864775.0]
Total sent in bytes: 
[12856422739.0, 12639129231.0, 12642250269.0, 12827764839.0, 12852598104.0, 12938325517.0, 13039428786.0, 12348084669.0, 12890489804.0, 12929936536.0, 12842677009.0, 13009368321.0, 13238440241.0, 13030372373.0, 12476333242.0, 12920359122.0, 13057536384.0, 12649734756.0, 12512555862.0, 12723510612.0, 12600015512.0, 12450285510.0, 12563768254.0, 12706398586.0, 12892492669.0, 12623621080.0, 12960389038.0, 12829678967.0, 12514666159.0, 12525774231.0]
