# type >!< metric >!< mean >!< standard deviation >!< variance >!< confidence interval

epidemic-loved >!< delivery ratio >!< 0.99337100271 >!< 0.00185998934086 >!< 3.4595603481e-06 >!< [0.992797102303,0.993944903117]

epidemic-loved >!< delivery delay >!< 5609.01408762 >!< 202.479142518 >!< 40997.8031547 >!< [5546.53907246,5671.48910278]

epidemic-non-loved >!< delivery delay >!< 0.9914720035 >!< 0.00122564883199 >!< 1.50221505935e-06 >!< [0.991093829094,0.991850177905]

epidemic-non-loved >!< delivery delay >!< 5782.70569932 >!< 148.344504618 >!< 22006.0920504 >!< [5736.93394693,5828.47745171]

epidemic >!< databytessent >!< 1.57869312392e+11 >!< 6575311528.17 >!< 4.32347216925e+19 >!< [1.5584049756e+11,1.59898127223e+11]

epidemic >!< totalbytessent >!< 1.64674922014e+11 >!< 6751753495.83 >!< 4.55861752684e+19 >!< [1.62591665948e+11,1.66758178081e+11]


Loved_delratio
[0.993845528455, 0.987756097561, 0.989113821138, 0.99562601626, 0.994325203252, 0.992178861789, 0.992113821138, 0.993382113821, 0.993479674797, 0.994894308943, 0.992365853659, 0.994544715447, 0.993829268293, 0.993048780488, 0.994788617886, 0.992894308943, 0.993593495935, 0.993943089431, 0.996138211382, 0.994853658537, 0.993601626016, 0.989487804878, 0.992699186992, 0.995829268293, 0.993211382114, 0.993430894309, 0.994032520325, 0.993869918699, 0.994609756098, 0.993642276423]
NonLoved_delratio
[0.991304461942, 0.993666666667, 0.990774278215, 0.993598425197, 0.991181102362, 0.990086614173, 0.990724409449, 0.991367454068, 0.990238845144, 0.991845144357, 0.99087664042, 0.993236220472, 0.991440944882, 0.992572178478, 0.991545931759, 0.99130183727, 0.991485564304, 0.989979002625, 0.987758530184, 0.992879265092, 0.990380577428, 0.991585301837, 0.992031496063, 0.992653543307, 0.991049868766, 0.991532808399, 0.990530183727, 0.991283464567, 0.992412073491, 0.992837270341]
Loved_deldelay
[5489.15984309, 5962.71267273, 5750.56279379, 5559.2542966, 5484.23737648, 5568.78377399, 5577.25840241, 5459.69248927, 5671.50754751, 5625.36508195, 5575.87970747, 5488.6583472, 6161.40835647, 5354.02876746, 5363.16071675, 5744.63013017, 5624.28508659, 5639.51272848, 5423.97245238, 5752.43813796, 5400.16333012, 5469.98178789, 5668.20810168, 5694.54024853, 5305.34564308, 5907.43569668, 5953.24401867, 5378.06997332, 5740.51024025, 5476.41487964]
NonLoved_deldelay
[5753.57694218, 5791.5677459, 5790.04462122, 5988.43374635, 5693.47906939, 5747.36840871, 6058.36258168, 5817.16943981, 5918.5977087, 5596.4470919, 5911.29376539, 5948.99833927, 5879.73682026, 5419.40420323, 5723.922138, 5877.54677559, 5788.44213223, 5804.87002626, 5538.39659486, 5598.86512985, 5639.45939766, 5768.95694516, 5611.80731121, 5724.8985306, 5764.54702412, 5826.27019499, 6027.13120313, 5702.47507201, 5782.40270714, 5986.69931292]
Data sent in bytes: 
[149190405900.0, 158230449650.0, 164366200775.0, 155054228900.0, 165751906400.0, 152291990525.0, 151921847475.0, 167896374200.0, 155413935925.0, 155702305050.0, 163128764900.0, 171674906975.0, 157374404875.0, 159304267500.0, 155285004400.0, 151915000400.0, 149752688100.0, 165938261125.0, 153665706250.0, 155721121975.0, 172223124100.0, 155802454800.0, 152612810575.0, 156374551475.0, 155183100275.0, 166747699675.0, 160033085000.0, 148409799250.0, 150680391575.0, 158432583725.0]
Total sent in bytes: 
[155614232384.0, 165000936746.0, 171484310003.0, 161653493072.0, 172901347856.0, 158973584937.0, 158617657635.0, 174973677288.0, 162371557417.0, 162422525498.0, 169995588532.0, 178889008311.0, 163984907219.0, 166121865052.0, 162137628384.0, 158668359676.0, 156440085776.0, 172932449529.0, 160448665962.0, 162325234939.0, 179331245360.0, 162612034528.0, 159379147359.0, 163051738527.0, 162063461835.0, 173712847643.0, 166922807184.0, 154906639070.0, 157113373867.0, 165197248845.0]
