# type >!< metric >!< mean >!< standard deviation >!< variance >!< confidence interval

keetchi-loved >!< delivery ratio >!< 0.984439430894 >!< 0.00356908946245 >!< 1.2738399591e-05 >!< [0.983338187006,0.985540674783]

keetchi-loved >!< delivery delay >!< 12836.8882106 >!< 624.963118573 >!< 390578.899576 >!< [12644.0556066,13029.7208146]

keetchi-non-loved >!< delivery delay >!< 0.237670603675 >!< 0.00675460249104 >!< 4.5624654812e-05 >!< [0.235586468549,0.2397547388]

keetchi-non-loved >!< delivery delay >!< 190300.703256 >!< 3927.02775791 >!< 15421547.0114 >!< [189089.017373,191512.38914]

databytessent >!< delivery delay >!< 25412187371.7 >!< 530913561.347 >!< 2.81869209623e+17 >!< [25248373793.7,25576000949.6]

totalbytessent >!< delivery delay >!< 25412187371.7 >!< 530913561.347 >!< 2.81869209623e+17 >!< [25248373793.7,25576000949.6]


Loved_delratio
[0.986524390244, 0.9825, 0.989902439024, 0.98237804878, 0.9795, 0.984548780488, 0.986695121951, 0.983890243902, 0.985926829268, 0.984682926829, 0.9865, 0.988280487805, 0.984024390244, 0.980170731707, 0.989597560976, 0.986951219512, 0.981402439024, 0.981926829268, 0.985914634146, 0.980987804878, 0.980975609756, 0.986585365854, 0.977109756098, 0.98937804878, 0.990341463415, 0.98206097561, 0.982682926829, 0.977804878049, 0.986756097561, 0.987182926829]

NonLoved_delratio
[0.242417322835, 0.243846456693, 0.234452755906, 0.23268503937, 0.223984251969, 0.235476377953, 0.235751968504, 0.235984251969, 0.22788976378, 0.242488188976, 0.24444488189, 0.232649606299, 0.249460629921, 0.247354330709, 0.233153543307, 0.243007874016, 0.224968503937, 0.239145669291, 0.237661417323, 0.244035433071, 0.236645669291, 0.241708661417, 0.240409448819, 0.241570866142, 0.230846456693, 0.241956692913, 0.234881889764, 0.236661417323, 0.226362204724, 0.248216535433]

Loved_deldelay
[12681.7590055, 13338.7467651, 12756.782627, 12426.7662997, 12288.3271876, 12355.7029301, 12466.5500406, 12725.2993948, 12030.2689859, 13246.7801311, 13687.1756704, 11490.5928192, 12927.7600747, 14171.57444, 12922.6775695, 13671.7656516, 12105.0865988, 14044.5851304, 13451.9161213, 12701.4040606, 12473.6344067, 12845.8021582, 13090.0387061, 12325.035873, 12210.4164391, 12954.2798882, 13378.1230697, 13143.1721437, 12054.4328981, 13140.1892318]

NonLoved_deldelay
[196599.772178, 189309.850705, 190824.839202, 187313.055142, 190701.466131, 193578.03746, 187657.408692, 184573.721493, 187367.899407, 182687.760337, 192939.741959, 192146.129474, 192888.147436, 196462.571015, 183726.090251, 190544.187435, 195444.143599, 190200.123902, 187787.143983, 189156.881437, 190160.072908, 187602.024348, 198700.614734, 197030.885402, 189908.232586, 188076.135194, 187472.698175, 187502.349473, 188984.228902, 191674.88473]

Data sent in bytes: 
[25211040425.0, 24846000100.0, 25252142925.0, 25723839225.0, 26777176000.0, 25931045950.0, 25843918675.0, 25656160450.0, 25798164575.0, 24729860475.0, 25470457350.0, 25175682250.0, 25281596375.0, 25813392550.0, 25770746200.0, 24877328225.0, 24762782575.0, 25778214825.0, 25693483525.0, 25241426200.0, 24736126100.0, 25162860275.0, 26083435975.0, 24928926900.0, 24325893075.0, 26147636075.0, 25763488100.0, 24886410875.0, 25191210975.0, 25505173925.0]

Total sent in bytes: 
[25211040425.0, 24846000100.0, 25252142925.0, 25723839225.0, 26777176000.0, 25931045950.0, 25843918675.0, 25656160450.0, 25798164575.0, 24729860475.0, 25470457350.0, 25175682250.0, 25281596375.0, 25813392550.0, 25770746200.0, 24877328225.0, 24762782575.0, 25778214825.0, 25693483525.0, 25241426200.0, 24736126100.0, 25162860275.0, 26083435975.0, 24928926900.0, 24325893075.0, 26147636075.0, 25763488100.0, 24886410875.0, 25191210975.0, 25505173925.0]
