# type >!< metric >!< mean >!< standard deviation >!< variance >!< confidence interval

keetchi-loved >!< delivery ratio >!< 0.876670325203 >!< 0.017722573947 >!< 0.000314089627306 >!< [0.871202018383,0.882138632024]

keetchi-loved >!< delivery delay >!< 9566.67584143 >!< 430.433890026 >!< 185273.333683 >!< [9433.86530365,9699.4863792]

keetchi-non-loved >!< delivery delay >!< 0.0124446194226 >!< 0.00188348437824 >!< 3.54751340308e-06 >!< [0.0118634696131,0.013025769232]

keetchi-non-loved >!< delivery delay >!< 6713.32467952 >!< 776.64671266 >!< 603180.116285 >!< [6473.69004581,6952.95931322]

databytessent >!< delivery delay >!< 9149897700.0 >!< 191526582.618 >!< 3.66824318492e+16 >!< [9090802101.29,9208993298.71]

totalbytessent >!< delivery delay >!< 9149897700.0 >!< 191526582.618 >!< 3.66824318492e+16 >!< [9090802101.29,9208993298.71]


Loved_delratio
[0.859548780488, 0.88987804878, 0.868109756098, 0.853195121951, 0.900451219512, 0.856170731707, 0.853646341463, 0.900134146341, 0.859585365854, 0.895634146341, 0.883353658537, 0.882853658537, 0.898646341463, 0.861792682927, 0.903524390244, 0.871170731707, 0.876768292683, 0.884146341463, 0.862585365854, 0.858792682927, 0.855743902439, 0.903768292683, 0.879012195122, 0.889951219512, 0.838012195122, 0.875414634146, 0.879353658537, 0.880597560976, 0.890317073171, 0.887951219512]

NonLoved_delratio
[0.0123228346457, 0.0113976377953, 0.0149527559055, 0.0132086614173, 0.00957874015748, 0.0133661417323, 0.0160511811024, 0.0127992125984, 0.0112440944882, 0.0105708661417, 0.0126653543307, 0.0116181102362, 0.0102637795276, 0.0113267716535, 0.0125039370079, 0.00961417322835, 0.012657480315, 0.0116653543307, 0.0157874015748, 0.0156850393701, 0.0150590551181, 0.0142559055118, 0.0129015748031, 0.011437007874, 0.0123228346457, 0.00912992125984, 0.0130984251969, 0.014125984252, 0.0106732283465, 0.0110551181102]

Loved_deldelay
[9772.5458879, 10270.4246803, 9333.95664951, 9371.91363694, 8952.33161192, 9751.69475539, 10298.4824235, 9710.17113906, 9361.2556271, 9689.92756148, 9840.96992398, 9895.42439373, 9434.16292476, 10211.2712603, 9761.93295443, 9038.34584319, 8594.25794598, 9011.48937004, 8985.95236835, 9915.76448479, 10008.40067, 9736.32169572, 9709.31349823, 9178.34455741, 10105.270833, 9631.78500374, 9126.50351669, 9266.26022622, 9733.91478024, 9301.88501896]

NonLoved_deldelay
[6822.36788296, 6498.89146783, 7556.678232, 6502.12603375, 6618.67681355, 7696.17702711, 8726.33361973, 6212.85586882, 7033.11629876, 5872.23194724, 6158.14031066, 6123.5680059, 5675.68174999, 7491.68584635, 6792.86359919, 5863.30981492, 6415.85313988, 6087.53289089, 6584.55713613, 6891.31971448, 6714.65555428, 8366.67326237, 6462.34063781, 6110.81384833, 6742.61838361, 5386.26336961, 7726.66482206, 7114.29136597, 7227.00557885, 5924.44616254]

Data sent in bytes: 
[9066750350.0, 8896154925.0, 9035622725.0, 9058760425.0, 8924485575.0, 9026149100.0, 9136303800.0, 9344503000.0, 9388562875.0, 9196624225.0, 9261064925.0, 8976535375.0, 9258197775.0, 8764286075.0, 9376292275.0, 9642626450.0, 9144594475.0, 9195732000.0, 9085316650.0, 9125296350.0, 9328653475.0, 8943803750.0, 8939493000.0, 9007913625.0, 9179952650.0, 9237486125.0, 9364974050.0, 9322929200.0, 8934079500.0, 9333786275.0]

Total sent in bytes: 
[9066750350.0, 8896154925.0, 9035622725.0, 9058760425.0, 8924485575.0, 9026149100.0, 9136303800.0, 9344503000.0, 9388562875.0, 9196624225.0, 9261064925.0, 8976535375.0, 9258197775.0, 8764286075.0, 9376292275.0, 9642626450.0, 9144594475.0, 9195732000.0, 9085316650.0, 9125296350.0, 9328653475.0, 8943803750.0, 8939493000.0, 9007913625.0, 9179952650.0, 9237486125.0, 9364974050.0, 9322929200.0, 8934079500.0, 9333786275.0]
